##TITLE= OPERA-30
##JCAMP-DX= 5.00 Bruker JCAMP library
##DATA TYPE= Shape Data
##ORIGIN= Bruker BioSpin GmbH
##OWNER= <demo>
##DATE= 2021/01/27
##TIME= 13:46
##$SHAPE_PARAMETERS= Duration 80 us; Max power for calibration 14.00 kHz; RMS power 2.20 kHz; Carrier 0.0 ppm; Max power equiv 90 17.86 us, chemical shift evolution for 0.19812*Tp
##MINX= 0.000000E00
##MAXX= 1.000000E02
##MINY= 0.000000E00
##MAXY= 3.600000E02
##$SHAPE_EXMODE= Excitation
##$SHAPE_TOTROT= 3.0000000e+01
##$SHAPE_TYPE= Excitation
##$SHAPE_USER_DEF=
##$SHAPE_REPHFAC= 
##$SHAPE_BWFAC= 15.4912
##$SHAPE_BWFAC50= 
##$SHAPE_INTEGFAC= 7.440476E-02
##$SHAPE_MODE= 
##NPOINTS= 400
##XYPOINTS= (XY..XY)
0.0000000e-00, 0.0000000e+00
0.0000000e-00, 0.0000000e+00
1.5702912e+00, 3.5999978e+02
2.3351248e+00, 3.5999975e+02
2.5106171e+00, 3.5999971e+02
2.2458443e+00, 3.5999965e+02
1.6742747e+00, 3.5999954e+02
9.0739676e-01, 3.5999926e+02
3.6223085e-02, 3.5998538e+02
8.6598620e-01, 1.8000040e+02
1.7415704e+00, 1.8000008e+02
2.5465490e+00, 1.7999997e+02
3.2486357e+00, 1.7999991e+02
3.8252818e+00, 1.7999987e+02
4.2619420e+00, 1.7999984e+02
4.5506594e+00, 1.7999981e+02
4.6889599e+00, 1.7999980e+02
4.6789906e+00, 1.7999978e+02
4.5268241e+00, 1.7999976e+02
4.2418671e+00, 1.7999975e+02
3.8363257e+00, 1.7999973e+02
3.3246996e+00, 1.7999971e+02
2.7232913e+00, 1.7999969e+02
2.0497251e+00, 1.7999966e+02
1.3224778e+00, 1.7999959e+02
5.6042616e-01, 1.7999935e+02
2.1758138e-01, 8.0473926e-04
9.9312281e-01, 3.5999998e+02
1.7485642e+00, 3.5999988e+02
2.4673808e+00, 3.5999984e+02
3.1344339e+00, 3.5999982e+02
3.7362032e+00, 3.5999981e+02
4.2609735e+00, 3.5999981e+02
4.6989761e+00, 3.5999980e+02
5.0424881e+00, 3.5999980e+02
5.2858894e+00, 3.5999980e+02
5.4256812e+00, 3.5999980e+02
5.4604679e+00, 3.5999981e+02
5.3909053e+00, 3.5999981e+02
5.2196179e+00, 3.5999982e+02
4.9510875e+00, 3.5999982e+02
4.5915175e+00, 3.5999983e+02
4.1486740e+00, 3.5999984e+02
3.6317079e+00, 3.5999986e+02
3.0509617e+00, 3.5999988e+02
2.4177625e+00, 3.5999991e+02
1.7442058e+00, 3.5999997e+02
1.0429333e+00, 8.6814316e-05
3.2690703e-01, 7.2196270e-04
3.9081505e-01, 1.7999905e+02
1.0973012e+00, 1.7999955e+02
1.7799603e+00, 1.7999966e+02
2.4267478e+00, 1.7999971e+02
3.0263577e+00, 1.7999974e+02
3.5684010e+00, 1.7999977e+02
4.0435664e+00, 1.7999978e+02
4.4437606e+00, 1.7999980e+02
4.7622293e+00, 1.7999981e+02
4.9936538e+00, 1.7999983e+02
5.1342250e+00, 1.7999984e+02
5.1816925e+00, 1.7999985e+02
5.1353881e+00, 1.7999986e+02
4.9962254e+00, 1.7999988e+02
4.7666735e+00, 1.7999989e+02
4.4507066e+00, 1.7999990e+02
4.0537309e+00, 1.7999992e+02
3.5824884e+00, 1.7999994e+02
3.0449414e+00, 1.7999997e+02
2.4501375e+00, 1.8000001e+02
1.8080590e+00, 1.8000007e+02
1.1294574e+00, 1.8000019e+02
4.2567738e-01, 1.8000073e+02
2.9152832e-01, 3.5999865e+02
1.0101900e+00, 3.5999954e+02
1.7183144e+00, 3.5999969e+02
2.4040785e+00, 3.5999976e+02
3.0560191e+00, 3.5999980e+02
3.6632174e+00, 3.5999983e+02
4.2154733e+00, 3.5999985e+02
4.7034683e+00, 3.5999986e+02
5.1189144e+00, 3.5999988e+02
5.4546860e+00, 3.5999989e+02
5.7049339e+00, 3.5999990e+02
5.8651787e+00, 3.5999991e+02
5.9323834e+00, 3.5999992e+02
5.9050033e+00, 3.5999993e+02
5.7830129e+00, 3.5999994e+02
5.5679097e+00, 3.5999994e+02
5.2626938e+00, 3.5999995e+02
4.8718249e+00, 3.5999996e+02
4.4011564e+00, 3.5999998e+02
3.8578479e+00, 3.5999999e+02
3.2502575e+00, 7.6114860e-06
2.5878149e+00, 3.3101862e-05
1.8808775e+00, 7.5883173e-05
1.1405721e+00, 1.7121832e-04
3.7862302e-01, 6.4131747e-04
3.9282873e-01, 1.7999927e+02
1.1614142e+00, 1.7999972e+02
1.9147295e+00, 1.7999982e+02
2.6405297e+00, 1.7999986e+02
3.3269223e+00, 1.7999988e+02
3.9625545e+00, 1.7999990e+02
4.5367939e+00, 1.7999991e+02
5.0398992e+00, 1.7999992e+02
5.4631767e+00, 1.7999992e+02
5.7991231e+00, 1.7999993e+02
6.0415489e+00, 1.7999993e+02
6.1856838e+00, 1.7999994e+02
6.2282606e+00, 1.7999994e+02
6.1675756e+00, 1.7999995e+02
6.0035270e+00, 1.7999995e+02
5.7376283e+00, 1.7999995e+02
5.3729971e+00, 1.7999995e+02
4.9143204e+00, 1.7999996e+02
4.3677948e+00, 1.7999996e+02
3.7410444e+00, 1.7999996e+02
3.0430158e+00, 1.7999997e+02
2.2838529e+00, 1.7999997e+02
1.4747519e+00, 1.7999999e+02
6.2780008e-01, 1.8000003e+02
2.4420129e-01, 3.5999976e+02
1.1279254e+00, 3.5999991e+02
2.0097183e+00, 3.5999993e+02
2.8758044e+00, 3.5999994e+02
3.7124948e+00, 3.5999994e+02
4.5063968e+00, 3.5999995e+02
5.2446205e+00, 3.5999995e+02
5.9149797e+00, 3.5999995e+02
6.5061844e+00, 3.5999995e+02
7.0080210e+00, 3.5999995e+02
7.4115185e+00, 3.5999995e+02
7.7090969e+00, 3.5999995e+02
7.8946973e+00, 3.5999995e+02
7.9638887e+00, 3.5999995e+02
7.9139528e+00, 3.5999995e+02
7.7439434e+00, 3.5999995e+02
7.4547195e+00, 3.5999995e+02
7.0489526e+00, 3.5999994e+02
6.5311060e+00, 3.5999994e+02
5.9073880e+00, 3.5999994e+02
5.1856777e+00, 3.5999994e+02
4.3754263e+00, 3.5999994e+02
3.4875328e+00, 3.5999993e+02
2.5341979e+00, 3.5999993e+02
1.5287559e+00, 3.5999991e+02
4.8548936e-01, 3.5999983e+02
5.8057331e-01, 1.8000005e+02
1.6538731e+00, 1.7999998e+02
2.7185457e+00, 1.7999997e+02
3.7586539e+00, 1.7999996e+02
4.7584237e+00, 1.7999995e+02
5.7024805e+00, 1.7999995e+02
6.5760820e+00, 1.7999995e+02
7.3653445e+00, 1.7999995e+02
8.0574593e+00, 1.7999995e+02
8.6408955e+00, 1.7999995e+02
9.1055868e+00, 1.7999994e+02
9.4430984e+00, 1.7999994e+02
9.6467723e+00, 1.7999994e+02
9.7118482e+00, 1.7999994e+02
9.6355582e+00, 1.7999994e+02
9.4171925e+00, 1.7999994e+02
9.0581371e+00, 1.7999994e+02
8.5618799e+00, 1.7999994e+02
7.9339868e+00, 1.7999994e+02
7.1820468e+00, 1.7999993e+02
6.3155868e+00, 1.7999993e+02
5.3459569e+00, 1.7999993e+02
4.2861873e+00, 1.7999993e+02
3.1508192e+00, 1.7999993e+02
1.9557107e+00, 1.7999993e+02
7.1782180e-01, 1.7999991e+02
5.4502079e-01, 3.5999996e+02
1.8143737e+00, 3.5999994e+02
3.0714398e+00, 3.5999994e+02
4.2973400e+00, 3.5999994e+02
5.4733899e+00, 3.5999993e+02
6.5813774e+00, 3.5999993e+02
7.6038378e+00, 3.5999993e+02
8.5243217e+00, 3.5999993e+02
9.3276523e+00, 3.5999993e+02
1.0000167e+01, 3.5999993e+02
1.0529944e+01, 3.5999993e+02
1.0907000e+01, 3.5999993e+02
1.1123472e+01, 3.5999993e+02
1.1173764e+01, 3.5999993e+02
1.1054664e+01, 3.5999993e+02
1.0765434e+01, 3.5999993e+02
1.0307856e+01, 3.5999993e+02
9.6862533e+00, 3.5999993e+02
8.9074635e+00, 3.5999994e+02
7.9807847e+00, 3.5999994e+02
6.9178796e+00, 3.5999994e+02
5.7326457e+00, 3.5999994e+02
4.4410500e+00, 3.5999995e+02
3.0609320e+00, 3.5999996e+02
1.6117757e+00, 3.5999998e+02
1.1445328e-01, 7.0326792e-04
1.4090546e+00, 1.7999987e+02
2.9359605e+00, 1.7999990e+02
4.4429890e+00, 1.7999991e+02
5.9067078e+00, 1.7999992e+02
7.3038682e+00, 1.7999992e+02
8.6117488e+00, 1.7999992e+02
9.8084988e+00, 1.7999992e+02
1.0873475e+01, 1.7999993e+02
1.1787569e+01, 1.7999993e+02
1.2533519e+01, 1.7999993e+02
1.3096200e+01, 1.7999993e+02
1.3462893e+01, 1.7999993e+02
1.3623522e+01, 1.7999993e+02
1.3570859e+01, 1.7999994e+02
1.3300697e+01, 1.7999994e+02
1.2811977e+01, 1.7999994e+02
1.2106879e+01, 1.7999994e+02
1.1190867e+01, 1.7999994e+02
1.0072690e+01, 1.7999995e+02
8.7643305e+00, 1.7999995e+02
7.2809171e+00, 1.7999996e+02
5.6405809e+00, 1.7999997e+02
3.8642716e+00, 1.7999998e+02
1.9755280e+00, 1.8000003e+02
2.0706350e-04, 1.8087382e+02
2.0338267e+00, 3.5999985e+02
4.0970466e+00, 3.5999990e+02
6.1586426e+00, 3.5999991e+02
8.1869260e+00, 3.5999992e+02
1.0149759e+01, 3.5999993e+02
1.2015000e+01, 3.5999993e+02
1.3750961e+01, 3.5999993e+02
1.5326877e+01, 3.5999994e+02
1.6713364e+01, 3.5999994e+02
1.7882885e+01, 3.5999994e+02
1.8810193e+01, 3.5999994e+02
1.9472761e+01, 3.5999995e+02
1.9851189e+01, 3.5999995e+02
1.9929578e+01, 3.5999995e+02
1.9695864e+01, 3.5999995e+02
1.9142122e+01, 3.5999996e+02
1.8264815e+01, 3.5999996e+02
1.7064990e+01, 3.5999996e+02
1.5548428e+01, 3.5999997e+02
1.3725732e+01, 3.5999997e+02
1.1612347e+01, 3.5999998e+02
9.2285319e+00, 3.5999999e+02
6.5992525e+00, 5.6411008e-07
3.7540195e+00, 3.9143524e-05
7.2665780e-01, 3.9835872e-04
2.4449861e+00, 1.7999982e+02
5.7193993e+00, 1.7999990e+02
9.0518155e+00, 1.7999992e+02
1.2394685e+01, 1.7999993e+02
1.5698197e+01, 1.7999994e+02
1.8910845e+01, 1.7999995e+02
2.1980039e+01, 1.7999995e+02
2.4852753e+01, 1.7999995e+02
2.7476195e+01, 1.7999996e+02
2.9798511e+01, 1.7999996e+02
3.1769489e+01, 1.7999996e+02
3.3341285e+01, 1.7999996e+02
3.4469134e+01, 1.7999997e+02
3.5112059e+01, 1.7999997e+02
3.5233561e+01, 1.7999997e+02
3.4802273e+01, 1.7999997e+02
3.3792591e+01, 1.7999998e+02
3.2185244e+01, 1.7999998e+02
2.9967820e+01, 1.7999998e+02
2.7135227e+01, 1.7999999e+02
2.3690080e+01, 1.7999999e+02
1.9643014e+01, 1.8000000e+02
1.5012912e+01, 1.8000001e+02
9.8270490e+00, 1.8000003e+02
4.1211481e+00, 1.8000012e+02
2.0606488e+00, 3.5999968e+02
8.6658851e+00, 3.5999991e+02
1.5633962e+01, 3.5999994e+02
2.2896361e+01, 3.5999995e+02
3.0376898e+01, 3.5999996e+02
3.7991981e+01, 3.5999997e+02
4.5650850e+01, 3.5999997e+02
5.3255775e+01, 3.5999997e+02
6.0702202e+01, 3.5999998e+02
6.7878882e+01, 3.5999998e+02
7.4668009e+01, 3.5999998e+02
8.0945352e+01, 3.5999998e+02
8.6580107e+01, 3.5999999e+02
9.1434143e+01, 3.5999999e+02
9.5361274e+01, 3.5999999e+02
9.8209974e+01, 3.5999999e+02
9.9834220e+01, 3.5999999e+02
1.0000000e+02, 3.5999999e+02
1.0000000e+02, 3.6000000e+02
1.0000000e+02, 3.6000000e+02
1.0000000e+02, 5.0046761e-07
1.0000000e+02, 2.3164132e-06
1.0000000e+02, 4.0772035e-06
1.0000000e+02, 5.7715605e-06
1.0000000e+02, 7.3890454e-06
1.0000000e+02, 8.9193434e-06
1.0000000e+02, 1.0351588e-05
1.0000000e+02, 1.1673762e-05
1.0000000e+02, 1.2872204e-05
1.0000000e+02, 1.3931246e-05
1.0000000e+02, 1.4833016e-05
1.0000000e+02, 1.5557427e-05
1.0000000e+02, 1.6082379e-05
1.0000000e+02, 1.6384229e-05
1.0000000e+02, 1.6438556e-05
1.0000000e+02, 1.6221272e-05
9.8658055e+01, 1.5703015e-05
9.5876518e+01, 1.4844860e-05
9.1927126e+01, 1.3595899e-05
8.6978031e+01, 1.1889644e-05
8.1191229e+01, 9.6375283e-06
7.4718858e+01, 6.7180133e-06
6.7703688e+01, 2.9582205e-06
6.0280149e+01, 3.6000000e+02
5.2574880e+01, 3.5999999e+02
4.4706972e+01, 3.5999998e+02
3.6788158e+01, 3.5999997e+02
2.8922924e+01, 3.5999995e+02
2.1208530e+01, 3.5999992e+02
1.3734905e+01, 3.5999987e+02
6.5844331e+00, 3.5999970e+02
1.6832034e-01, 1.8001271e+02
6.4569266e+00, 1.8000035e+02
1.2223399e+01, 1.8000019e+02
1.7418475e+01, 1.8000013e+02
2.2001837e+01, 1.8000010e+02
2.5942275e+01, 1.8000008e+02
2.9217764e+01, 1.8000007e+02
3.1815452e+01, 1.8000005e+02
3.3731564e+01, 1.8000004e+02
3.4971202e+01, 1.8000003e+02
3.5548061e+01, 1.8000002e+02
3.5484053e+01, 1.8000001e+02
3.4808836e+01, 1.8000000e+02
3.3559273e+01, 1.7999999e+02
3.1778802e+01, 1.7999998e+02
2.9516752e+01, 1.7999997e+02
2.6827579e+01, 1.7999995e+02
2.3770068e+01, 1.7999994e+02
2.0406481e+01, 1.7999991e+02
1.6801674e+01, 1.7999988e+02
1.3022196e+01, 1.7999983e+02
9.1353697e+00, 1.7999974e+02
5.2083756e+00, 1.7999954e+02
1.3073458e+00, 1.7999816e+02
2.5035243e+00, 9.4419145e-04
6.1628314e+00, 3.6636625e-04
9.6127808e+00, 2.1797772e-04
1.2799951e+01, 1.4686247e-04
1.5676002e+01, 1.0309610e-04
1.8198314e+01, 7.2013436e-05
2.0330553e+01, 4.7734241e-05
2.2043153e+01, 2.7422710e-05
2.3313716e+01, 9.5212861e-06
2.4127314e+01, 3.5999999e+02
2.4476696e+01, 3.5999998e+02
2.4362402e+01, 3.5999996e+02
2.3792760e+01, 3.5999995e+02
2.2783798e+01, 3.5999993e+02
2.1359037e+01, 3.5999991e+02
1.9549185e+01, 3.5999989e+02
1.7391727e+01, 3.5999987e+02
1.4930413e+01, 3.5999985e+02
1.2214642e+01, 3.5999981e+02
9.2987506e+00, 3.5999975e+02
6.2412026e+00, 3.5999965e+02
3.1036917e+00, 3.5999935e+02
4.9845684e-02, 1.8003548e+02
3.1542962e+00, 1.8000047e+02
6.1445065e+00, 1.8000019e+02
8.9564802e+00, 1.8000009e+02
1.1528623e+01, 1.8000003e+02
1.3803017e+01, 1.8000000e+02
1.5726708e+01, 1.7999998e+02
1.7252978e+01, 1.7999996e+02
1.8342585e+01, 1.7999994e+02
1.8964942e+01, 1.7999993e+02
1.9099209e+01, 1.7999992e+02
1.8735284e+01, 1.7999990e+02
1.7874681e+01, 1.7999990e+02
1.6531289e+01, 1.7999989e+02
1.4732034e+01, 1.7999988e+02
1.2517468e+01, 1.7999987e+02
9.9423491e+00, 1.7999985e+02
7.0762782e+00, 1.7999983e+02
4.0044886e+00, 1.7999978e+02
8.2886578e-01, 1.7999936e+02
2.3307632e+00, 7.0918347e-05
5.3351418e+00, 3.5999996e+02
8.0241068e+00, 3.5999994e+02
1.0215433e+01, 3.5999992e+02
1.1704305e+01, 3.5999992e+02
1.2263793e+01, 3.5999991e+02
1.1647391e+01, 3.5999991e+02
9.5962536e+00, 3.5999991e+02
5.8547189e+00, 3.5999991e+02
##END
