##TITLE= OPERA-20
##JCAMP-DX= 5.00 Bruker JCAMP library
##DATA TYPE= Shape Data
##ORIGIN= Bruker BioSpin GmbH
##OWNER= <demo>
##DATE= 2021/01/27
##TIME= 13:46
##$SHAPE_PARAMETERS= Duration 142 us; Max power for calibration 20.00 kHz; RMS power 1.12 kHz; Carrier 0.0 ppm; Max power equiv 90 12.50 us, chemical shift evolution for 0.45164*Tp
##MINX= 0.000000E00
##MAXX= 1.000000E02
##MINY= 0.000000E00
##MAXY= 3.600000E02
##$SHAPE_EXMODE= Excitation
##$SHAPE_TOTROT= 2.0000000e+01
##$SHAPE_TYPE= Excitation
##$SHAPE_USER_DEF=
##$SHAPE_REPHFAC= 
##$SHAPE_BWFAC= 60.1796
##$SHAPE_BWFAC50= 
##$SHAPE_INTEGFAC= 1.956182E-02
##$SHAPE_MODE= 
##NPOINTS= 710
##XYPOINTS= (XY..XY)
0.0000000e-00, 0.0000000e+00
0.0000000e-00, 0.0000000e+00
4.8737446e-01, 1.8000081e+02
7.2835129e-01, 1.8000093e+02
8.2442294e-01, 1.8000101e+02
7.9220062e-01, 1.8000107e+02
6.5445185e-01, 1.8000107e+02
4.3691125e-01, 1.8000094e+02
1.6805157e-01, 1.8000003e+02
1.2192842e-01, 3.7925978e-03
4.0295203e-01, 2.3007621e-03
6.4739296e-01, 2.0353527e-03
8.3233800e-01, 1.8852094e-03
9.4135012e-01, 1.7339413e-03
9.6551574e-01, 1.5349318e-03
9.0374499e-01, 1.2421769e-03
7.6240074e-01, 7.7148604e-04
5.5437587e-01, 3.5999989e+02
2.9774819e-01, 3.5999749e+02
1.4141926e-02, 3.5990212e+02
2.7307830e-01, 1.8000692e+02
5.4065577e-01, 1.8000407e+02
7.6721212e-01, 1.8000295e+02
9.3482566e-01, 1.8000222e+02
1.0303174e+00, 1.8000160e+02
1.0461629e+00, 1.8000097e+02
9.8097279e-01, 1.8000027e+02
8.3951432e-01, 1.7999936e+02
6.3227847e-01, 1.7999794e+02
3.7462932e-01, 1.7999481e+02
8.5602523e-02, 1.7997202e+02
2.1355611e-01, 1.2217825e-02
5.0100223e-01, 5.1121535e-03
7.5593619e-01, 2.9834678e-03
9.6015652e-01, 1.7928693e-03
1.0994104e+00, 9.2062309e-04
1.1644420e+00, 1.6920607e-04
1.1516617e+00, 3.5999944e+02
1.0633875e+00, 3.5999865e+02
9.0763946e-01, 3.5999770e+02
6.9750497e-01, 3.5999635e+02
4.5012194e-01, 3.5999384e+02
1.8535800e-01, 3.5998521e+02
7.5713769e-02, 1.8003242e+02
3.1242747e-01, 1.8000621e+02
5.0610437e-01, 1.8000246e+02
6.4148215e-01, 1.8000067e+02
7.0788738e-01, 1.7999940e+02
7.0006388e-01, 1.7999823e+02
6.1859460e-01, 1.7999685e+02
4.6988402e-01, 1.7999470e+02
2.6570013e-01, 1.7998945e+02
2.2306959e-02, 1.7987126e+02
2.4075091e-01, 1.1153301e-02
5.0212283e-01, 4.5035852e-03
7.4027897e-01, 2.2127074e-03
9.3516601e-01, 9.3054333e-04
1.0697677e+00, 2.3688391e-05
1.1314505e+00, 3.5999927e+02
1.1129900e+00, 3.5999856e+02
1.0131991e+00, 3.5999779e+02
8.3710562e-01, 3.5999679e+02
5.9566427e-01, 3.5999513e+02
3.0501979e-01, 3.5999059e+02
1.4627878e-02, 1.8017715e+02
3.4047494e-01, 1.8000614e+02
6.4877930e-01, 1.8000218e+02
9.1661767e-01, 1.8000067e+02
1.1236090e+00, 1.7999979e+02
1.2534757e+00, 1.7999915e+02
1.2953257e+00, 1.7999860e+02
1.2445561e+00, 1.7999808e+02
1.1033045e+00, 1.7999748e+02
8.8040755e-01, 1.7999667e+02
5.9086193e-01, 1.7999520e+02
2.5482215e-01, 1.7999017e+02
1.0379763e-01, 1.8901203e-02
4.5901925e-01, 2.7377115e-03
7.8467390e-01, 5.6995000e-04
1.0563181e+00, 3.5999962e+02
1.2530532e+00, 3.5999903e+02
1.3591140e+00, 3.5999859e+02
1.3651088e+00, 3.5999819e+02
1.2688157e+00, 3.5999778e+02
1.0754721e+00, 3.5999728e+02
7.9752538e-01, 3.5999649e+02
4.5385336e-01, 3.5999462e+02
6.8498491e-02, 3.5997257e+02
3.3099912e-01, 1.8000352e+02
7.1555391e-01, 1.8000049e+02
1.0566314e+00, 1.7999954e+02
1.3283355e+00, 1.7999904e+02
1.5093337e+00, 1.7999869e+02
1.5844790e+00, 1.7999842e+02
1.5460073e+00, 1.7999817e+02
1.3942202e+00, 1.7999791e+02
1.1375932e+00, 1.7999757e+02
7.9229459e-01, 1.7999698e+02
3.8114264e-01, 1.7999521e+02
6.7926791e-02, 1.6330844e-02
5.2377712e-01, 5.8211664e-04
9.5424194e-01, 3.5999945e+02
1.3284041e+00, 3.5999902e+02
1.6188272e+00, 3.5999878e+02
1.8035799e+00, 3.5999862e+02
1.8678996e+00, 3.5999850e+02
1.8053636e+00, 3.5999841e+02
1.6184685e+00, 3.5999832e+02
1.3185685e+00, 3.5999822e+02
9.2516935e-01, 3.5999807e+02
4.6462937e-01, 3.5999769e+02
3.1643023e-02, 1.8000897e+02
5.2936708e-01, 1.7999900e+02
9.9379331e-01, 1.7999870e+02
1.3921665e+00, 1.7999860e+02
1.6960729e+00, 1.7999856e+02
1.8835012e+00, 1.7999854e+02
1.9404678e+00, 1.7999855e+02
1.8620946e+00, 1.7999857e+02
1.6530652e+00, 1.7999860e+02
1.3274191e+00, 1.7999867e+02
9.0768133e-01, 1.7999881e+02
4.2336462e-01, 1.7999925e+02
9.1062009e-02, 3.5999483e+02
5.9859803e-01, 3.5999797e+02
1.0623512e+00, 3.5999825e+02
1.4481996e+00, 3.5999837e+02
1.7272823e+00, 3.5999846e+02
1.8781383e+00, 3.5999853e+02
1.8883343e+00, 3.5999861e+02
1.7554577e+00, 3.5999869e+02
1.4873941e+00, 3.5999880e+02
1.1018636e+00, 3.5999897e+02
6.2523949e-01, 3.5999937e+02
9.0725388e-02, 4.1639068e-03
4.6398131e-01, 1.7999760e+02
9.9937186e-01, 1.7999824e+02
1.4769607e+00, 1.7999847e+02
1.8620693e+00, 1.7999861e+02
2.1263593e+00, 1.7999873e+02
2.2499324e+00, 1.7999884e+02
2.2228401e+00, 1.7999897e+02
2.0458921e+00, 1.7999912e+02
1.7306997e+00, 1.7999932e+02
1.2989450e+00, 1.7999965e+02
7.8091864e-01, 1.8000038e+02
2.1342084e-01, 1.8000479e+02
3.6283790e-01, 3.5999542e+02
9.0615525e-01, 3.5999761e+02
1.3768620e+00, 3.5999819e+02
1.7402279e+00, 3.5999849e+02
1.9690342e+00, 3.5999871e+02
2.0456290e+00, 3.5999889e+02
1.9633174e+00, 3.5999908e+02
1.7269804e+00, 3.5999930e+02
1.3528644e+00, 3.5999961e+02
8.6753848e-01, 2.1691314e-04
3.0608233e-01, 2.8876919e-03
2.9037151e-01, 1.7999482e+02
8.7756541e-01, 1.7999772e+02
1.4113052e+00, 1.7999835e+02
1.8506826e+00, 1.7999866e+02
2.1611030e+00, 1.7999887e+02
2.3169002e+00, 1.7999905e+02
2.3033451e+00, 1.7999921e+02
2.1178881e+00, 1.7999940e+02
1.7705313e+00, 1.7999963e+02
1.2832886e+00, 1.8000002e+02
6.8876312e-01, 1.8000100e+02
2.7938136e-02, 1.8004639e+02
6.5267144e-01, 3.5999725e+02
1.3043109e+00, 3.5999835e+02
1.8794924e+00, 3.5999875e+02
2.3354645e+00, 3.5999899e+02
2.6373876e+00, 3.5999917e+02
2.7609811e+00, 3.5999933e+02
2.6944444e+00, 3.5999949e+02
2.4395048e+00, 3.5999968e+02
2.0115050e+00, 3.5999992e+02
1.4385032e+00, 3.4078935e-04
7.5942874e-01, 1.4400798e-03
2.1414698e-02, 7.5167885e-02
7.2350688e-01, 1.7999724e+02
1.4221042e+00, 1.7999843e+02
2.0237746e+00, 1.7999887e+02
2.4842291e+00, 1.7999912e+02
2.7687693e+00, 1.7999932e+02
2.8549146e+00, 1.7999949e+02
2.7341865e+00, 1.7999966e+02
2.4129110e+00, 1.7999987e+02
1.9119665e+00, 1.8000016e+02
1.2654778e+00, 1.8000072e+02
5.1852721e-01, 1.8000277e+02
2.7596133e-01, 3.5999330e+02
1.0609486e+00, 3.5999801e+02
1.7793486e+00, 3.5999876e+02
2.3781502e+00, 3.5999910e+02
2.8123018e+00, 3.5999932e+02
3.0480795e+00, 3.5999950e+02
3.0656930e+00, 3.5999967e+02
2.8609344e+00, 3.5999984e+02
2.4457332e+00, 6.3823663e-05
1.8475437e+00, 4.0136833e-04
1.1075773e+00, 1.1411892e-03
2.7799240e-01, 6.0554144e-03
5.8174304e-01, 1.7999662e+02
1.4090446e+00, 1.7999851e+02
2.1426730e+00, 1.7999904e+02
2.7271802e+00, 1.7999931e+02
3.1170510e+00, 1.7999951e+02
3.2802290e+00, 1.7999967e+02
3.2007256e+00, 1.7999983e+02
2.8800674e+00, 1.8000000e+02
2.3374537e+00, 1.8000024e+02
1.6086165e+00, 1.8000067e+02
7.4347031e-01, 1.8000201e+02
1.9729030e-01, 3.5999089e+02
1.1464233e+00, 3.5999829e+02
2.0349212e+00, 3.5999903e+02
2.7970085e+00, 3.5999935e+02
3.3749894e+00, 3.5999954e+02
3.7235858e+00, 3.5999969e+02
3.8134401e+00, 3.5999982e+02
3.6335217e+00, 3.5999996e+02
3.1922491e+00, 1.1631064e-04
2.5172247e+00, 3.4421608e-04
1.6535717e+00, 7.8064221e-04
6.6096742e-01, 2.4403430e-03
3.9043469e-01, 1.7999537e+02
1.4249168e+00, 1.7999869e+02
2.3666017e+00, 1.7999925e+02
3.1449598e+00, 1.7999950e+02
3.7000103e+00, 1.7999967e+02
3.9868352e+00, 1.7999980e+02
3.9790833e+00, 1.7999992e+02
3.6712166e+00, 1.8000005e+02
3.0793276e+00, 1.8000022e+02
2.2404322e+00, 1.8000049e+02
1.2102425e+00, 1.8000119e+02
5.9528343e-02, 1.8002809e+02
1.1307052e+00, 3.5999844e+02
2.2748984e+00, 3.5999924e+02
3.2890742e+00, 3.5999953e+02
4.0969865e+00, 3.5999969e+02
4.6358233e+00, 3.5999981e+02
4.8610348e+00, 3.5999991e+02
4.7499177e+00, 9.3540561e-06
4.3036758e+00, 1.1903345e-04
3.5477865e+00, 2.6380407e-04
2.5306224e+00, 5.0710526e-04
1.3203929e+00, 1.1576534e-03
5.9393626e-04, 2.7859447e+00
1.3357445e+00, 1.7999876e+02
2.5926103e+00, 1.7999941e+02
3.6779241e+00, 1.7999965e+02
4.5103013e+00, 1.7999979e+02
5.0251812e+00, 1.7999989e+02
5.1798652e+00, 1.7999998e+02
4.9570790e+00, 1.8000007e+02
4.3667678e+00, 1.8000018e+02
3.4459543e+00, 1.8000032e+02
2.2566238e+00, 1.8000061e+02
8.8174495e-01, 1.8000172e+02
5.8032146e-01, 3.5999732e+02
2.0226531e+00, 3.5999928e+02
3.3373618e+00, 3.5999962e+02
4.4234185e+00, 3.5999978e+02
5.1941500e+00, 3.5999988e+02
5.5838608e+00, 3.5999996e+02
5.5530920e+00, 3.6746338e-05
5.0921079e+00, 1.1721853e-04
4.2223212e+00, 2.2232242e-04
2.9955035e+00, 4.0201397e-04
1.4907827e+00, 9.2188572e-04
1.9041525e-01, 1.7999245e+02
1.9311650e+00, 1.7999928e+02
3.6071279e+00, 1.7999966e+02
5.0953614e+00, 1.7999980e+02
6.2832229e+00, 1.7999989e+02
7.0767292e+00, 1.7999996e+02
7.4077703e+00, 1.8000001e+02
7.2396539e+00, 1.8000006e+02
6.5705595e+00, 1.8000012e+02
5.4346015e+00, 1.8000019e+02
3.9003479e+00, 1.8000032e+02
2.0668136e+00, 1.8000064e+02
5.7147357e-02, 1.8002295e+02
1.9895953e+00, 3.5999940e+02
3.9280469e+00, 3.5999974e+02
5.6168407e+00, 3.5999987e+02
6.9289158e+00, 3.5999994e+02
7.7610664e+00, 3.5999999e+02
8.0420212e+00, 3.6420120e-05
7.7384334e+00, 7.9698829e-05
6.8583037e+00, 1.2968261e-04
5.4515263e+00, 2.0005314e-04
3.6074469e+00, 3.3422006e-04
1.4495328e+00, 8.4630357e-04
8.7254207e-01, 1.7999868e+02
3.1929089e+00, 1.7999969e+02
5.3409707e+00, 1.7999986e+02
7.1535570e+00, 1.7999994e+02
8.4869219e+00, 1.7999998e+02
9.2277198e+00, 1.8000002e+02
9.3021424e+00, 1.8000005e+02
8.6825139e+00, 1.8000009e+02
7.3908064e+00, 1.8000013e+02
5.4987345e+00, 1.8000020e+02
3.1243059e+00, 1.8000036e+02
4.2494891e-01, 1.8000253e+02
2.4124164e+00, 3.5999961e+02
5.1837639e+00, 3.5999986e+02
7.6820037e+00, 3.5999994e+02
9.7117417e+00, 3.5999998e+02
1.1103736e+01, 1.0957157e-05
1.1728026e+01, 3.4772743e-05
1.1504761e+01, 5.7035584e-05
1.0411907e+01, 8.1415487e-05
8.4891579e+00, 1.1403880e-04
5.8376483e+00, 1.7284912e-04
2.6153179e+00, 3.7037088e-04
9.7191865e-01, 1.7999912e+02
4.6827407e+00, 1.7999986e+02
8.2559988e+00, 1.7999995e+02
1.1428335e+01, 1.7999998e+02
1.3952708e+01, 1.8000001e+02
1.5616565e+01, 1.8000002e+02
1.6258402e+01, 1.8000004e+02
1.5781490e+01, 1.8000005e+02
1.4163722e+01, 1.8000006e+02
1.1462740e+01, 1.8000008e+02
7.8157868e+00, 1.8000011e+02
3.4340878e+00, 1.8000021e+02
1.4081080e+00, 3.5999961e+02
6.3893064e+00, 3.5999995e+02
1.1160538e+01, 3.5999999e+02
1.5367995e+01, 9.5831321e-06
1.8677175e+01, 1.9685359e-05
2.0797011e+01, 2.6365182e-05
2.1502404e+01, 3.1308019e-05
2.0653629e+01, 3.5416835e-05
1.8211188e+01, 3.9463023e-05
1.4244931e+01, 4.4724980e-05
8.9365640e+00, 5.5498046e-05
2.5750383e+00, 1.2057459e-04
4.4552334e+00, 1.7999998e+02
1.1692964e+01, 1.8000001e+02
1.8624561e+01, 1.8000002e+02
2.4713459e+01, 1.8000002e+02
2.9432670e+01, 1.8000002e+02
3.2298721e+01, 1.8000002e+02
3.2905041e+01, 1.8000002e+02
3.0952750e+01, 1.8000001e+02
2.6276934e+01, 1.8000001e+02
1.8866602e+01, 1.8000000e+02
8.8768130e+00, 1.7999999e+02
3.3682167e+00, 8.0736367e-05
1.7381800e+01, 2.1802176e-05
3.2531399e+01, 1.2996562e-05
4.8064388e+01, 8.2715758e-06
6.3140916e+01, 4.8756865e-06
7.6870636e+01, 2.1886976e-06
8.8349735e+01, 1.4817755e-08
9.6698613e+01, 3.6000000e+02
1.0000000e+02, 3.6000000e+02
1.0000000e+02, 3.6000000e+02
1.0000000e+02, 3.6000000e+02
1.0000000e+02, 3.6000000e+02
1.0000000e+02, 3.6000000e+02
1.0000000e+02, 3.6000000e+02
1.0000000e+02, 3.6000000e+02
1.0000000e+02, 9.0484893e-07
9.8939054e+01, 2.8955112e-06
9.2324942e+01, 4.9858744e-06
8.2136294e+01, 7.1460319e-06
6.9217190e+01, 9.3354588e-06
5.4470926e+01, 1.1506664e-05
3.8809481e+01, 1.3606697e-05
2.3114657e+01, 1.5570178e-05
8.1983197e+00, 1.7224329e-05
5.2338396e+00, 1.8000002e+02
1.6611910e+01, 1.8000002e+02
2.5522662e+01, 1.8000002e+02
3.1720815e+01, 1.8000002e+02
3.5130580e+01, 1.8000002e+02
3.5837937e+01, 1.8000002e+02
3.4074554e+01, 1.8000002e+02
3.0194642e+01, 1.8000002e+02
2.4646348e+01, 1.8000001e+02
1.7939530e+01, 1.8000001e+02
1.0611896e+01, 1.7999999e+02
3.1955227e+00, 1.7999989e+02
3.8143632e+00, 1.4907416e-04
9.9866183e+00, 7.1764250e-05
1.4976054e+01, 5.3388413e-05
1.8538913e+01, 4.3776096e-05
2.0541340e+01, 3.6688323e-05
2.0960687e+01, 3.0187324e-05
1.9879923e+01, 2.3191077e-05
1.7475800e+01, 1.4555772e-05
1.4001809e+01, 2.2016064e-06
9.7672149e+00, 3.5999998e+02
5.1136580e+00, 3.5999992e+02
3.9091470e-01, 3.5999856e+02
4.0666136e+00, 1.8000017e+02
7.9612317e+00, 1.8000009e+02
1.1049849e+01, 1.8000007e+02
1.3157452e+01, 1.8000005e+02
1.4185478e+01, 1.8000004e+02
1.4114746e+01, 1.8000003e+02
1.3003003e+01, 1.8000002e+02
1.0977441e+01, 1.8000001e+02
8.2229167e+00, 1.7999999e+02
4.9668093e+00, 1.7999994e+02
1.4616551e+00, 1.7999969e+02
2.0332004e+00, 2.9144006e-04
5.2696793e+00, 1.3043457e-04
8.0275721e+00, 9.1480903e-05
1.0128603e+01, 7.2115310e-05
1.1447108e+01, 5.9018298e-05
1.1916733e+01, 4.8099731e-05
1.1532850e+01, 3.7256946e-05
1.0350672e+01, 2.4564251e-05
8.4793353e+00, 6.8853709e-06
6.0724745e+00, 3.5999998e+02
3.3160439e+00, 3.5999990e+02
4.1430959e-01, 3.5999875e+02
2.4249617e+00, 1.8000027e+02
5.0050703e+00, 1.8000015e+02
7.1537123e+00, 1.8000011e+02
8.7341961e+00, 1.8000009e+02
9.6538374e+00, 1.8000008e+02
9.8690373e+00, 1.8000006e+02
9.3867847e+00, 1.8000005e+02
8.2625874e+00, 1.8000003e+02
6.5950893e+00, 1.8000000e+02
4.5178610e+00, 1.7999994e+02
2.1890234e+00, 1.7999978e+02
2.2051226e-01, 3.0682964e-03
2.5393461e+00, 3.2551377e-04
4.6075806e+00, 1.9891476e-04
6.2876828e+00, 1.4906472e-04
7.4734881e+00, 1.1842702e-04
8.0967627e+00, 9.4107075e-05
8.1309415e+00, 7.0837831e-05
7.5918669e+00, 4.4860230e-05
6.5355553e+00, 1.1271512e-05
5.0532121e+00, 3.5999996e+02
3.2639005e+00, 3.5999986e+02
1.3054241e+00, 3.5999946e+02
6.7590048e-01, 1.8000131e+02
2.5358404e+00, 1.8000039e+02
4.1424556e+00, 1.8000025e+02
5.3852052e+00, 1.8000018e+02
6.1823196e+00, 1.8000014e+02
6.4859500e+00, 1.8000010e+02
6.2847783e+00, 1.8000007e+02
5.6039740e+00, 1.8000003e+02
4.5025749e+00, 1.7999997e+02
3.0685477e+00, 1.7999986e+02
1.4119269e+00, 1.7999952e+02
3.4344459e-01, 2.5587644e-03
2.0689740e+00, 4.8979226e-04
3.6405320e+00, 2.9420509e-04
4.9471798e+00, 2.1168023e-04
5.8988078e+00, 1.5992467e-04
6.4321665e+00, 1.1925757e-04
6.5148812e+00, 8.1575382e-05
6.1471952e+00, 4.1329155e-05
5.3613515e+00, 3.5999999e+02
4.2187100e+00, 3.5999992e+02
2.8048547e+00, 3.5999978e+02
1.2230861e+00, 3.5999931e+02
4.1320918e-01, 1.8000244e+02
1.9887550e+00, 1.8000055e+02
3.3945646e+00, 1.8000033e+02
4.5355295e+00, 1.8000023e+02
5.3368959e+00, 1.8000016e+02
5.7491898e+00, 1.8000011e+02
5.7512699e+00, 1.8000007e+02
5.3513254e+00, 1.8000002e+02
4.5857820e+00, 1.7999995e+02
3.5162297e+00, 1.7999985e+02
2.2246200e+00, 1.7999965e+02
8.0709936e-01, 1.7999877e+02
6.3306167e-01, 1.7691846e-03
1.9929257e+00, 5.8451513e-04
3.1771896e+00, 3.5306423e-04
4.1048079e+00, 2.4192584e-04
4.7144750e+00, 1.6710196e-04
4.9685975e+00, 1.0482336e-04
4.8555077e+00, 4.3621549e-05
4.3898019e+00, 3.5999997e+02
3.6108240e+00, 3.5999988e+02
2.5794417e+00, 3.5999972e+02
1.3733730e+00, 3.5999929e+02
8.1410789e-02, 3.5998603e+02
1.2030363e+00, 1.8000101e+02
2.3886311e+00, 1.8000051e+02
3.3925508e+00, 1.8000033e+02
4.1462333e+00, 1.8000022e+02
4.6000229e+00, 1.8000014e+02
4.7263899e+00, 1.8000007e+02
4.5215169e+00, 1.8000000e+02
4.0051745e+00, 1.7999991e+02
3.2189446e+00, 1.7999979e+02
2.2229552e+00, 1.7999957e+02
1.0913762e+00, 1.7999893e+02
9.3008159e-02, 1.3777516e-02
1.2447804e+00, 1.0431698e-03
2.2820086e+00, 5.3201526e-04
3.1320654e+00, 3.3001278e-04
3.7367201e+00, 2.0619538e-04
4.0561304e+00, 1.0964389e-04
4.0714465e+00, 2.0028738e-05
3.7858499e+00, 3.5999992e+02
3.2239706e+00, 3.5999980e+02
2.4297629e+00, 3.5999961e+02
1.4630453e+00, 3.5999919e+02
3.9500240e-01, 3.5999666e+02
6.9700654e-01, 1.8000195e+02
1.7349737e+00, 1.8000075e+02
2.6457346e+00, 1.8000043e+02
3.3660554e+00, 1.8000026e+02
3.8469631e+00, 1.8000014e+02
4.0570129e+00, 1.8000004e+02
3.9842711e+00, 1.7999995e+02
3.6368882e+00, 1.7999984e+02
3.0422447e+00, 1.7999970e+02
2.2447571e+00, 1.7999948e+02
1.3025240e+00, 1.7999896e+02
2.8306845e-01, 1.7999497e+02
7.4151950e-01, 1.8680394e-03
1.6997024e+00, 7.2752689e-04
2.5255231e+00, 3.9131394e-04
3.1631835e+00, 2.0809821e-04
3.5708437e+00, 7.6008166e-05
3.7233792e+00, 3.5999996e+02
3.6139121e+00, 3.5999985e+02
3.2540317e+00, 3.5999972e+02
2.6727076e+00, 3.5999954e+02
1.9139957e+00, 3.5999926e+02
1.0337137e+00, 3.5999854e+02
9.5336092e-02, 3.5998444e+02
8.3459098e-01, 1.8000160e+02
1.6911807e+00, 1.8000063e+02
2.4157482e+00, 1.8000030e+02
2.9598497e+00, 1.8000011e+02
3.2885393e+00, 1.7999996e+02
3.3826212e+00, 1.7999984e+02
3.2397473e+00, 1.7999971e+02
2.8743029e+00, 1.7999956e+02
2.3161139e+00, 1.7999937e+02
1.6080915e+00, 1.7999903e+02
8.0299302e-01, 1.7999810e+02
4.0466614e-02, 3.3856373e-02
8.6187107e-01, 1.2815061e-03
1.6034162e+00, 4.6754988e-04
2.2139678e+00, 1.5099031e-04
2.6525774e+00, 3.5999996e+02
2.8912174e+00, 3.5999981e+02
2.9165552e+00, 3.5999968e+02
2.7306567e+00, 3.5999954e+02
2.3505875e+00, 3.5999938e+02
1.8069583e+00, 3.5999914e+02
1.1415343e+00, 3.5999866e+02
4.0408748e-01, 3.5999659e+02
3.5127479e-01, 1.8000317e+02
1.0700372e+00, 1.8000071e+02
1.7011732e+00, 1.8000020e+02
2.2007323e+00, 1.7999996e+02
2.5348635e+00, 1.7999979e+02
2.6820689e+00, 1.7999966e+02
2.6345363e+00, 1.7999953e+02
2.3984719e+00, 1.7999939e+02
1.9934268e+00, 1.7999922e+02
1.4506839e+00, 1.7999894e+02
8.1083740e-01, 1.7999830e+02
1.2075187e-01, 1.7999073e+02
5.6987809e-01, 1.3441302e-03
1.2121193e+00, 2.8907565e-04
1.7612898e+00, 3.5999995e+02
2.1801004e+00, 3.5999976e+02
2.4412228e+00, 3.5999962e+02
2.5291055e+00, 3.5999951e+02
2.4409142e+00, 3.5999940e+02
2.1865429e+00, 3.5999929e+02
1.7877105e+00, 3.5999915e+02
1.2762197e+00, 3.5999894e+02
6.9151041e-01, 3.5999843e+02
7.7690536e-02, 3.5999068e+02
5.1973348e-01, 1.8000059e+02
1.0571845e+00, 1.7999987e+02
1.4961549e+00, 1.7999962e+02
1.8059330e+00, 1.7999948e+02
1.9657273e+00, 1.7999937e+02
1.9660454e+00, 1.7999927e+02
1.8092400e+00, 1.7999917e+02
1.5091863e+00, 1.7999904e+02
1.0901192e+00, 1.7999883e+02
5.8472401e-01, 1.7999831e+02
3.1637336e-02, 1.7998038e+02
5.2743820e-01, 3.9146866e-04
1.0507917e+00, 3.5999979e+02
1.4997243e+00, 3.5999958e+02
1.8413309e+00, 3.5999947e+02
2.0508488e+00, 3.5999940e+02
2.1133980e+00, 3.5999934e+02
2.0249774e+00, 3.5999930e+02
1.7926478e+00, 3.5999926e+02
1.4339003e+00, 3.5999921e+02
9.7527704e-01, 3.5999913e+02
4.5035783e-01, 3.5999891e+02
1.0273599e-01, 1.8000094e+02
6.4414311e-01, 1.7999954e+02
1.1351669e+00, 1.7999942e+02
1.5410706e+00, 1.7999937e+02
1.8335555e+00, 1.7999936e+02
1.9927453e+00, 1.7999935e+02
2.0085382e+00, 1.7999936e+02
1.8812425e+00, 1.7999937e+02
1.6214623e+00, 1.7999940e+02
1.2492510e+00, 1.7999944e+02
7.9259774e-01, 1.7999955e+02
2.8535655e-01, 1.8000004e+02
2.3523409e-01, 3.5999843e+02
7.3126552e-01, 3.5999906e+02
1.1669102e+00, 3.5999919e+02
1.5110082e+00, 3.5999926e+02
1.7392999e+00, 3.5999932e+02
1.8361411e+00, 3.5999937e+02
1.7955801e+00, 3.5999943e+02
1.6217218e+00, 3.5999950e+02
1.3283559e+00, 3.5999960e+02
9.3788074e-01, 3.5999978e+02
4.7960625e-01, 2.8163037e-04
1.2435916e-02, 1.7996337e+02
5.0200721e-01, 1.7999854e+02
9.5331385e-01, 1.7999902e+02
1.3335999e+00, 1.7999921e+02
1.6154971e+00, 1.7999933e+02
1.7789678e+00, 1.7999943e+02
1.8127099e+00, 1.7999953e+02
1.7149249e+00, 1.7999964e+02
1.4933972e+00, 1.7999977e+02
1.1648774e+00, 1.7999997e+02
7.5381902e-01, 1.8000036e+02
2.9056287e-01, 1.8000187e+02
1.9089471e-01, 3.5999601e+02
6.5538591e-01, 3.5999862e+02
1.0691277e+00, 3.5999910e+02
1.4021648e+00, 3.5999934e+02
1.6305244e+00, 3.5999950e+02
1.7379265e+00, 3.5999964e+02
1.7169306e+00, 3.5999978e+02
1.5694376e+00, 3.5999993e+02
1.3065151e+00, 1.2450946e-04
9.4756154e-01, 4.3743170e-04
5.1886934e-01, 1.1952012e-03
5.1694443e-02, 1.4720386e-02
4.2002998e-01, 1.7999804e+02
8.6216826e-01, 1.7999906e+02
1.2428654e+00, 1.7999943e+02
1.5348579e+00, 1.7999964e+02
1.7174441e+00, 1.7999980e+02
1.7779719e+00, 1.7999994e+02
1.7127362e+00, 1.8000008e+02
1.5272233e+00, 1.8000023e+02
1.2356840e+00, 1.8000043e+02
8.6007013e-01, 1.8000075e+02
4.2841065e-01, 1.8000161e+02
2.7253591e-02, 3.5997592e+02
4.7322629e-01, 3.5999882e+02
8.7663349e-01, 3.5999954e+02
1.2078429e+00, 3.5999983e+02
1.4426486e+00, 3.6000000e+02
1.5640617e+00, 1.2455584e-04
1.5635733e+00, 2.3120116e-04
1.4417967e+00, 3.3206855e-04
1.2084368e+00, 4.4222884e-04
8.8158940e-01, 5.9400834e-04
4.8641601e-01, 9.2504793e-04
5.3291078e-02, 6.0868994e-03
3.8444719e-01, 1.7999957e+02
7.9298061e-01, 1.8000001e+02
1.1405514e+00, 1.8000015e+02
1.3998763e+00, 1.8000021e+02
1.5502606e+00, 1.8000025e+02
1.5792576e+00, 1.8000026e+02
1.4837527e+00, 1.8000025e+02
1.2703853e+00, 1.8000022e+02
9.5527133e-01, 1.8000016e+02
5.6302652e-01, 1.8000001e+02
1.2513872e-01, 1.7999895e+02
3.2223048e-01, 7.3693023e-04
7.4090119e-01, 4.0078758e-04
1.0936511e+00, 2.7488871e-04
1.3473549e+00, 1.8525857e-04
1.4761076e+00, 1.0501027e-04
1.4641283e+00, 2.4708531e-05
1.3081979e+00, 3.5999994e+02
1.0193494e+00, 3.5999983e+02
6.2349771e-01, 3.5999963e+02
1.6072175e-01, 3.5999858e+02
3.1698355e-01, 1.8000056e+02
7.4944487e-01, 1.8000012e+02
1.0731738e+00, 1.7999999e+02
1.2266386e+00, 1.7999992e+02
1.1547144e+00, 1.7999988e+02
8.1629915e-01, 1.7999986e+02
##END
