##TITLE= OPERA-90
##JCAMP-DX= 5.00 Bruker JCAMP library
##DATA TYPE= Shape Data
##ORIGIN= Bruker BioSpin GmbH
##OWNER= <demo>
##DATE= 2021/01/27
##TIME= 13:46
##$SHAPE_PARAMETERS= Duration 60 us; Max power for calibration 20.00 kHz; RMS power 9.00 kHz; Carrier 0.0 ppm; Max power equiv 90 12.50 us, chemical shift evolution for 0.15688*Tp
##MINX= 0.000000E00
##MAXX= 1.000000E02
##MINY= 0.000000E00
##MAXY= 3.600000E02
##$SHAPE_EXMODE= Excitation
##$SHAPE_TOTROT= 9.0000000e+01
##$SHAPE_TYPE= Excitation
##$SHAPE_USER_DEF= 
##$SHAPE_REPHFAC= 
##$SHAPE_BWFAC= 6.108
##$SHAPE_BWFAC50= 
##$SHAPE_INTEGFAC= 2.083333E-01
##$SHAPE_MODE= 
##NPOINTS= 1200
##XYPOINTS= (XY..XY)
0.0000000e+00, 0.0000000e+00
2.1646788e+00, 1.7847164e+02
3.8328210e+00, 1.7866915e+02
5.2096958e+00, 1.7886860e+02
6.3668983e+00, 1.7904195e+02
7.3288846e+00, 1.7918072e+02
8.1068938e+00, 1.7928620e+02
8.7124037e+00, 1.7936352e+02
9.1601673e+00, 1.7941867e+02
9.4675666e+00, 1.7945721e+02
9.6531234e+00, 1.7948376e+02
9.7351155e+00, 1.7950190e+02
9.7305595e+00, 1.7951424e+02
9.6545920e+00, 1.7952262e+02
9.5201989e+00, 1.7952825e+02
9.3382044e+00, 1.7953189e+02
9.1174326e+00, 1.7953397e+02
8.8649604e+00, 1.7953469e+02
8.5864036e+00, 1.7953408e+02
8.2861963e+00, 1.7953207e+02
7.9678388e+00, 1.7952850e+02
7.6341073e+00, 1.7952316e+02
7.2872205e+00, 1.7951577e+02
6.9289701e+00, 1.7950601e+02
6.5608191e+00, 1.7949347e+02
6.1839754e+00, 1.7947763e+02
5.7994474e+00, 1.7945784e+02
5.4080843e+00, 1.7943325e+02
5.0106087e+00, 1.7940271e+02
4.6076403e+00, 1.7936466e+02
4.1997156e+00, 1.7931688e+02
3.7873043e+00, 1.7925617e+02
3.3708219e+00, 1.7917765e+02
2.9506419e+00, 1.7907362e+02
2.5271053e+00, 1.7893109e+02
2.1005308e+00, 1.7872635e+02
1.6712265e+00, 1.7841096e+02
1.2395132e+00, 1.7786847e+02
8.0580219e-01, 1.7673015e+02
3.7119603e-01, 1.7289368e+02
8.3355251e-02, 3.3474767e+01
5.1096582e-01, 5.1791321e+00
9.5058776e-01, 2.7956399e+00
1.3917898e+00, 1.9224441e+00
1.8338794e+00, 1.4717110e+00
2.2764994e+00, 1.1978838e+00
2.7193527e+00, 1.0147665e+00
3.1621574e+00, 8.8430202e-01
3.6046352e+00, 7.8708604e-01
4.0465068e+00, 7.1218762e-01
4.4874910e+00, 6.5298001e-01
4.9273036e+00, 6.0521247e-01
5.3656580e+00, 5.6603342e-01
5.8022648e+00, 5.3345883e-01
6.2368325e+00, 5.0606582e-01
6.6690678e+00, 4.8280757e-01
7.0986759e+00, 4.6289685e-01
7.5253612e+00, 4.4573034e-01
7.9488275e+00, 4.3083793e-01
8.3687788e+00, 4.1784798e-01
8.7849195e+00, 4.0646280e-01
9.1969552e+00, 3.9644127e-01
9.6045929e+00, 3.8758602e-01
1.0007542e+01, 3.7973406e-01
1.0405513e+01, 3.7274963e-01
1.0798221e+01, 3.6651885e-01
1.1185383e+01, 3.6094554e-01
1.1566721e+01, 3.5594794e-01
1.1941961e+01, 3.5145619e-01
1.2310832e+01, 3.4741025e-01
1.2673069e+01, 3.4375826e-01
1.3028412e+01, 3.4045526e-01
1.3376608e+01, 3.3746206e-01
1.3717407e+01, 3.3474438e-01
1.4050568e+01, 3.3227212e-01
1.4375853e+01, 3.3001873e-01
1.4693036e+01, 3.2796075e-01
1.5001892e+01, 3.2607737e-01
1.5302207e+01, 3.2435004e-01
1.5593773e+01, 3.2276225e-01
1.5876390e+01, 3.2129917e-01
1.6149866e+01, 3.1994752e-01
1.6414014e+01, 3.1869536e-01
1.6668659e+01, 3.1753188e-01
1.6913629e+01, 3.1644734e-01
1.7148764e+01, 3.1543288e-01
1.7373909e+01, 3.1448047e-01
1.7588917e+01, 3.1358277e-01
1.7793649e+01, 3.1273307e-01
1.7987973e+01, 3.1192521e-01
1.8171768e+01, 3.1115353e-01
1.8344919e+01, 3.1041275e-01
1.8507321e+01, 3.0969796e-01
1.8658878e+01, 3.0900458e-01
1.8799507e+01, 3.0832827e-01
1.8929133e+01, 3.0766491e-01
1.9047695e+01, 3.0701058e-01
1.9155142e+01, 3.0636157e-01
1.9251432e+01, 3.0571430e-01
1.9336536e+01, 3.0506541e-01
1.9410428e+01, 3.0441167e-01
1.9473094e+01, 3.0375004e-01
1.9524521e+01, 3.0307764e-01
1.9564702e+01, 3.0239170e-01
1.9593635e+01, 3.0168961e-01
1.9611319e+01, 3.0096878e-01
1.9617759e+01, 3.0022670e-01
1.9612964e+01, 2.9946080e-01
1.9596950e+01, 2.9866848e-01
1.9569741e+01, 2.9784705e-01
1.9531368e+01, 2.9699370e-01
1.9481874e+01, 2.9610550e-01
1.9421308e+01, 2.9517941e-01
1.9349731e+01, 2.9421224e-01
1.9267211e+01, 2.9320071e-01
1.9173824e+01, 2.9214142e-01
1.9069656e+01, 2.9103083e-01
1.8954796e+01, 2.8986530e-01
1.8829340e+01, 2.8864102e-01
1.8693389e+01, 2.8735405e-01
1.8547050e+01, 2.8600020e-01
1.8390432e+01, 2.8457509e-01
1.8223652e+01, 2.8307404e-01
1.8046828e+01, 2.8149207e-01
1.7860084e+01, 2.7982384e-01
1.7663547e+01, 2.7806364e-01
1.7457350e+01, 2.7620526e-01
1.7241628e+01, 2.7424206e-01
1.7016521e+01, 2.7216680e-01
1.6782173e+01, 2.6997164e-01
1.6538731e+01, 2.6764805e-01
1.6286348e+01, 2.6518671e-01
1.6025176e+01, 2.6257744e-01
1.5755374e+01, 2.5980908e-01
1.5477103e+01, 2.5686937e-01
1.5190526e+01, 2.5374476e-01
1.4895810e+01, 2.5042029e-01
1.4593124e+01, 2.4687936e-01
1.4282640e+01, 2.4310351e-01
1.3964531e+01, 2.3907212e-01
1.3638973e+01, 2.3476210e-01
1.3306145e+01, 2.3014749e-01
1.2966227e+01, 2.2519900e-01
1.2619399e+01, 2.1988345e-01
1.2265846e+01, 2.1416307e-01
1.1905752e+01, 2.0799473e-01
1.1539303e+01, 2.0132889e-01
1.1166686e+01, 1.9410838e-01
1.0788091e+01, 1.8626686e-01
1.0403706e+01, 1.7772691e-01
1.0013721e+01, 1.6839757e-01
9.6183281e+00, 1.5817131e-01
9.2177186e+00, 1.4692000e-01
8.8120847e+00, 1.3448972e-01
8.4016193e+00, 1.2069399e-01
7.9865155e+00, 1.0530459e-01
7.5669666e+00, 8.8039267e-02
7.1431662e+00, 6.8544615e-02
6.7153081e+00, 4.6372242e-02
6.2835859e+00, 2.0944498e-02
5.8481935e+00, 3.5999150e+02
5.4093243e+00, 3.5995704e+02
4.9671719e+00, 3.5991617e+02
4.5219298e+00, 3.5986694e+02
4.0737912e+00, 3.5980653e+02
3.6229496e+00, 3.5973070e+02
3.1695987e+00, 3.5963270e+02
2.7139336e+00, 3.5950123e+02
2.2561519e+00, 3.5931569e+02
1.7964589e+00, 3.5903424e+02
1.3350807e+00, 3.5855683e+02
8.7232348e-01, 3.5757037e+02
4.0903115e-01, 3.5433957e+02
7.3161193e-02, 2.1669219e+02
5.2748666e-01, 1.8512196e+02
9.9420816e-01, 1.8291000e+02
1.4621117e+00, 1.8211098e+02
1.9306275e+00, 1.8169906e+02
2.3994895e+00, 1.8144786e+02
2.8684889e+00, 1.8127870e+02
3.3374344e+00, 1.8115707e+02
3.8061430e+00, 1.8106541e+02
4.2744354e+00, 1.8099387e+02
4.7421355e+00, 1.8093650e+02
5.2090691e+00, 1.8088946e+02
5.6750640e+00, 1.8085021e+02
6.1399499e+00, 1.8081695e+02
6.6035581e+00, 1.8078842e+02
7.0657212e+00, 1.8076368e+02
7.5262740e+00, 1.8074202e+02
7.9850525e+00, 1.8072290e+02
8.4418944e+00, 1.8070590e+02
8.8966392e+00, 1.8069069e+02
9.3491279e+00, 1.8067699e+02
9.7992033e+00, 1.8066460e+02
1.0246710e+01, 1.8065333e+02
1.0691493e+01, 1.8064303e+02
1.1133402e+01, 1.8063360e+02
1.1572285e+01, 1.8062491e+02
1.2007995e+01, 1.8061689e+02
1.2440383e+01, 1.8060946e+02
1.2869306e+01, 1.8060256e+02
1.3294620e+01, 1.8059613e+02
1.3716183e+01, 1.8059013e+02
1.4133856e+01, 1.8058451e+02
1.4547501e+01, 1.8057923e+02
1.4956983e+01, 1.8057427e+02
1.5362167e+01, 1.8056960e+02
1.5762921e+01, 1.8056519e+02
1.6159116e+01, 1.8056102e+02
1.6550623e+01, 1.8055707e+02
1.6937315e+01, 1.8055332e+02
1.7319070e+01, 1.8054975e+02
1.7695763e+01, 1.8054636e+02
1.8067275e+01, 1.8054312e+02
1.8433488e+01, 1.8054004e+02
1.8794285e+01, 1.8053708e+02
1.9149552e+01, 1.8053426e+02
1.9499176e+01, 1.8053155e+02
1.9843048e+01, 1.8052895e+02
2.0181058e+01, 1.8052646e+02
2.0513102e+01, 1.8052406e+02
2.0839074e+01, 1.8052174e+02
2.1158874e+01, 1.8051952e+02
2.1472400e+01, 1.8051737e+02
2.1779556e+01, 1.8051529e+02
2.2080245e+01, 1.8051329e+02
2.2374373e+01, 1.8051134e+02
2.2661851e+01, 1.8050946e+02
2.2942587e+01, 1.8050764e+02
2.3216496e+01, 1.8050587e+02
2.3483491e+01, 1.8050415e+02
2.3743491e+01, 1.8050248e+02
2.3996414e+01, 1.8050086e+02
2.4242183e+01, 1.8049928e+02
2.4480720e+01, 1.8049773e+02
2.4711952e+01, 1.8049623e+02
2.4935807e+01, 1.8049476e+02
2.5152215e+01, 1.8049333e+02
2.5361108e+01, 1.8049192e+02
2.5562421e+01, 1.8049055e+02
2.5756089e+01, 1.8048921e+02
2.5942051e+01, 1.8048789e+02
2.6120246e+01, 1.8048660e+02
2.6290617e+01, 1.8048534e+02
2.6453106e+01, 1.8048409e+02
2.6607659e+01, 1.8048287e+02
2.6754224e+01, 1.8048167e+02
2.6892751e+01, 1.8048049e+02
2.7023193e+01, 1.8047933e+02
2.7145507e+01, 1.8047818e+02
2.7259653e+01, 1.8047706e+02
2.7365595e+01, 1.8047594e+02
2.7463300e+01, 1.8047485e+02
2.7552741e+01, 1.8047376e+02
2.7633892e+01, 1.8047270e+02
2.7706730e+01, 1.8047164e+02
2.7771235e+01, 1.8047059e+02
2.7827388e+01, 1.8046955e+02
2.7875168e+01, 1.8046852e+02
2.7914558e+01, 1.8046750e+02
2.7945537e+01, 1.8046649e+02
2.7968086e+01, 1.8046549e+02
2.7982187e+01, 1.8046449e+02
2.7987820e+01, 1.8046349e+02
2.7984970e+01, 1.8046250e+02
2.7973624e+01, 1.8046152e+02
2.7953770e+01, 1.8046054e+02
2.7925402e+01, 1.8045957e+02
2.7888518e+01, 1.8045859e+02
2.7843117e+01, 1.8045762e+02
2.7789205e+01, 1.8045665e+02
2.7726789e+01, 1.8045569e+02
2.7655879e+01, 1.8045472e+02
2.7576490e+01, 1.8045376e+02
2.7488637e+01, 1.8045279e+02
2.7392336e+01, 1.8045182e+02
2.7287609e+01, 1.8045085e+02
2.7174474e+01, 1.8044988e+02
2.7052957e+01, 1.8044890e+02
2.6923082e+01, 1.8044792e+02
2.6784875e+01, 1.8044694e+02
2.6638364e+01, 1.8044595e+02
2.6483582e+01, 1.8044495e+02
2.6320560e+01, 1.8044395e+02
2.6149332e+01, 1.8044294e+02
2.5969937e+01, 1.8044192e+02
2.5782412e+01, 1.8044089e+02
2.5586799e+01, 1.8043985e+02
2.5383141e+01, 1.8043880e+02
2.5171483e+01, 1.8043774e+02
2.4951872e+01, 1.8043666e+02
2.4724357e+01, 1.8043557e+02
2.4488991e+01, 1.8043447e+02
2.4245826e+01, 1.8043335e+02
2.3994918e+01, 1.8043221e+02
2.3736324e+01, 1.8043105e+02
2.3470104e+01, 1.8042987e+02
2.3196319e+01, 1.8042866e+02
2.2915032e+01, 1.8042744e+02
2.2626310e+01, 1.8042619e+02
2.2330218e+01, 1.8042491e+02
2.2026826e+01, 1.8042360e+02
2.1716206e+01, 1.8042226e+02
2.1398430e+01, 1.8042088e+02
2.1073573e+01, 1.8041947e+02
2.0741711e+01, 1.8041802e+02
2.0402923e+01, 1.8041653e+02
2.0057289e+01, 1.8041499e+02
1.9704891e+01, 1.8041340e+02
1.9345813e+01, 1.8041176e+02
1.8980140e+01, 1.8041006e+02
1.8607959e+01, 1.8040830e+02
1.8229360e+01, 1.8040647e+02
1.7844434e+01, 1.8040457e+02
1.7453271e+01, 1.8040258e+02
1.7055967e+01, 1.8040052e+02
1.6652617e+01, 1.8039835e+02
1.6243317e+01, 1.8039608e+02
1.5828168e+01, 1.8039370e+02
1.5407268e+01, 1.8039119e+02
1.4980720e+01, 1.8038855e+02
1.4548627e+01, 1.8038575e+02
1.4111094e+01, 1.8038279e+02
1.3668228e+01, 1.8037963e+02
1.3220135e+01, 1.8037627e+02
1.2766925e+01, 1.8037267e+02
1.2308709e+01, 1.8036881e+02
1.1845598e+01, 1.8036464e+02
1.1377706e+01, 1.8036014e+02
1.0905147e+01, 1.8035525e+02
1.0428038e+01, 1.8034991e+02
9.9464947e+00, 1.8034406e+02
9.4606362e+00, 1.8033760e+02
8.9705819e+00, 1.8033044e+02
8.4764527e+00, 1.8032244e+02
7.9783706e+00, 1.8031343e+02
7.4764586e+00, 1.8030321e+02
6.9708410e+00, 1.8029149e+02
6.4616432e+00, 1.8027791e+02
5.9489916e+00, 1.8026197e+02
5.4330137e+00, 1.8024298e+02
4.9138380e+00, 1.8021994e+02
4.3915941e+00, 1.8019138e+02
3.8664127e+00, 1.8015500e+02
3.3384258e+00, 1.8010701e+02
2.8077666e+00, 1.8004077e+02
2.2745704e+00, 1.7994327e+02
1.7389762e+00, 1.7978540e+02
1.2011329e+00, 1.7948555e+02
6.6123798e-01, 1.7869448e+02
1.2060860e-01, 1.7076568e+02
4.2549877e-01, 3.1863003e+00
9.7085821e-01, 1.6498621e+00
1.5180033e+00, 1.2177045e+00
2.0666400e+00, 1.0139427e+00
2.6166036e+00, 8.9528654e-01
3.1677461e+00, 8.1757657e-01
3.7199239e+00, 7.6269974e-01
4.2729943e+00, 7.2185375e-01
4.8268149e+00, 6.9024576e-01
5.3812434e+00, 6.6504290e-01
5.9361369e+00, 6.4446330e-01
6.4913526e+00, 6.2733006e-01
7.0467470e+00, 6.1283461e-01
7.6021768e+00, 6.0040304e-01
8.1574979e+00, 5.8961676e-01
8.7125664e+00, 5.8016325e-01
9.2672380e+00, 5.7180449e-01
9.8213682e+00, 5.6435602e-01
1.0374812e+01, 5.5767262e-01
1.0927426e+01, 5.5163847e-01
1.1479064e+01, 5.4616002e-01
1.2029581e+01, 5.4116089e-01
1.2578832e+01, 5.3657813e-01
1.3126673e+01, 5.3235934e-01
1.3672959e+01, 5.2846061e-01
1.4217544e+01, 5.2484481e-01
1.4760283e+01, 5.2148037e-01
1.5301033e+01, 5.1834024e-01
1.5839649e+01, 5.1540116e-01
1.6375985e+01, 5.1264296e-01
1.6909899e+01, 5.1004810e-01
1.7441245e+01, 5.0760126e-01
1.7969881e+01, 5.0528896e-01
1.8495664e+01, 5.0309935e-01
1.9018449e+01, 5.0102191e-01
1.9538095e+01, 4.9904732e-01
2.0054460e+01, 4.9716726e-01
2.0567401e+01, 4.9537430e-01
2.1076778e+01, 4.9366175e-01
2.1582449e+01, 4.9202362e-01
2.2084275e+01, 4.9045450e-01
2.2582116e+01, 4.8894949e-01
2.3075832e+01, 4.8750414e-01
2.3565286e+01, 4.8611443e-01
2.4050339e+01, 4.8477667e-01
2.4530855e+01, 4.8348751e-01
2.5006696e+01, 4.8224388e-01
2.5477729e+01, 4.8104297e-01
2.5943817e+01, 4.7988218e-01
2.6404828e+01, 4.7875916e-01
2.6860627e+01, 4.7767171e-01
2.7311082e+01, 4.7661781e-01
2.7756063e+01, 4.7559559e-01
2.8195439e+01, 4.7460333e-01
2.8629081e+01, 4.7363942e-01
2.9056859e+01, 4.7270238e-01
2.9478648e+01, 4.7179083e-01
2.9894321e+01, 4.7090348e-01
3.0303752e+01, 4.7003914e-01
3.0706818e+01, 4.6919669e-01
3.1103395e+01, 4.6837508e-01
3.1493363e+01, 4.6757335e-01
3.1876601e+01, 4.6679058e-01
3.2252990e+01, 4.6602592e-01
3.2622411e+01, 4.6527856e-01
3.2984749e+01, 4.6454777e-01
3.3339889e+01, 4.6383284e-01
3.3687716e+01, 4.6313309e-01
3.4028118e+01, 4.6244793e-01
3.4360984e+01, 4.6177676e-01
3.4686205e+01, 4.6111903e-01
3.5003673e+01, 4.6047423e-01
3.5313282e+01, 4.5984186e-01
3.5614927e+01, 4.5922148e-01
3.5908504e+01, 4.5861265e-01
3.6193912e+01, 4.5801495e-01
3.6471050e+01, 4.5742800e-01
3.6739822e+01, 4.5685141e-01
3.7000129e+01, 4.5628485e-01
3.7251877e+01, 4.5572795e-01
3.7494973e+01, 4.5518040e-01
3.7729324e+01, 4.5464187e-01
3.7954841e+01, 4.5411207e-01
3.8171434e+01, 4.5359070e-01
3.8379016e+01, 4.5307752e-01
3.8577501e+01, 4.5257228e-01
3.8766806e+01, 4.5207477e-01
3.8946847e+01, 4.5158484e-01
3.9117543e+01, 4.5110236e-01
3.9278815e+01, 4.5062722e-01
3.9430587e+01, 4.5015938e-01
3.9572785e+01, 4.4969877e-01
3.9705339e+01, 4.4924536e-01
3.9828181e+01, 4.4879911e-01
3.9941247e+01, 4.4835993e-01
4.0044477e+01, 4.4792773e-01
4.0137815e+01, 4.4750236e-01
4.0221207e+01, 4.4708363e-01
4.0294603e+01, 4.4667133e-01
4.0357953e+01, 4.4626523e-01
4.0411209e+01, 4.4586509e-01
4.0454325e+01, 4.4547071e-01
4.0487253e+01, 4.4508192e-01
4.0509946e+01, 4.4469859e-01
4.0522358e+01, 4.4432066e-01
4.0524441e+01, 4.4394810e-01
4.0516149e+01, 4.4358094e-01
4.0497439e+01, 4.4321926e-01
4.0468269e+01, 4.4286313e-01
4.0428599e+01, 4.4251266e-01
4.0378394e+01, 4.4216794e-01
4.0317622e+01, 4.4182906e-01
4.0246256e+01, 4.4149610e-01
4.0164272e+01, 4.4116911e-01
4.0071649e+01, 4.4084815e-01
3.9968371e+01, 4.4053326e-01
3.9854424e+01, 4.4022448e-01
3.9729797e+01, 4.3992185e-01
3.9594482e+01, 4.3962543e-01
3.9448472e+01, 4.3933526e-01
3.9291763e+01, 4.3905142e-01
3.9124353e+01, 4.3877399e-01
3.8946242e+01, 4.3850307e-01
3.8757433e+01, 4.3823878e-01
3.8557930e+01, 4.3798125e-01
3.8347741e+01, 4.3773061e-01
3.8126874e+01, 4.3748702e-01
3.7895341e+01, 4.3725067e-01
3.7653157e+01, 4.3702173e-01
3.7400339e+01, 4.3680041e-01
3.7136906e+01, 4.3658692e-01
3.6862881e+01, 4.3638151e-01
3.6578287e+01, 4.3618444e-01
3.6283152e+01, 4.3599596e-01
3.5977507e+01, 4.3581639e-01
3.5661384e+01, 4.3564603e-01
3.5334817e+01, 4.3548523e-01
3.4997846e+01, 4.3533435e-01
3.4650509e+01, 4.3519380e-01
3.4292851e+01, 4.3506399e-01
3.3924917e+01, 4.3494540e-01
3.3546755e+01, 4.3483850e-01
3.3158416e+01, 4.3474384e-01
3.2759953e+01, 4.3466200e-01
3.2351424e+01, 4.3459359e-01
3.1932886e+01, 4.3453930e-01
3.1504400e+01, 4.3449985e-01
3.1066032e+01, 4.3447605e-01
3.0617847e+01, 4.3446875e-01
3.0159915e+01, 4.3447889e-01
2.9692308e+01, 4.3450750e-01
2.9215099e+01, 4.3455569e-01
2.8728366e+01, 4.3462468e-01
2.8232188e+01, 4.3471582e-01
2.7726648e+01, 4.3483056e-01
2.7211830e+01, 4.3497053e-01
2.6687821e+01, 4.3513750e-01
2.6154712e+01, 4.3533343e-01
2.5612594e+01, 4.3556051e-01
2.5061562e+01, 4.3582115e-01
2.4501715e+01, 4.3611804e-01
2.3933151e+01, 4.3645419e-01
2.3355974e+01, 4.3683296e-01
2.2770288e+01, 4.3725812e-01
2.2176200e+01, 4.3773396e-01
2.1573821e+01, 4.3826529e-01
2.0963263e+01, 4.3885759e-01
2.0344641e+01, 4.3951713e-01
1.9718072e+01, 4.4025107e-01
1.9083676e+01, 4.4106768e-01
1.8441574e+01, 4.4197652e-01
1.7791892e+01, 4.4298872e-01
1.7134755e+01, 4.4411733e-01
1.6470295e+01, 4.4537770e-01
1.5798641e+01, 4.4678810e-01
1.5119928e+01, 4.4837035e-01
1.4434292e+01, 4.5015081e-01
1.3741872e+01, 4.5216153e-01
1.3042809e+01, 4.5444200e-01
1.2337245e+01, 4.5704133e-01
1.1625326e+01, 4.6002142e-01
1.0907200e+01, 4.6346139e-01
1.0183016e+01, 4.6746408e-01
9.4529261e+00, 4.7216554e-01
8.7170850e+00, 4.7774975e-01
7.9756486e+00, 4.8447165e-01
7.2287756e+00, 4.9269507e-01
6.4766263e+00, 5.0295779e-01
5.7193636e+00, 5.1608965e-01
4.9571522e+00, 5.3344189e-01
4.1901590e+00, 5.5737302e-01
3.4185533e+00, 5.9240237e-01
2.6425068e+00, 6.4841987e-01
1.8621947e+00, 7.5203553e-01
1.0778022e+00, 1.0077781e+00
2.8963009e-01, 2.6618899e+00
5.0280338e-01, 1.7909675e+02
1.2983618e+00, 1.7989483e+02
2.0973590e+00, 1.8008677e+02
2.8995608e+00, 1.8017294e+02
3.7047749e+00, 1.8022179e+02
4.5128116e+00, 1.8025321e+02
5.3234810e+00, 1.8027508e+02
6.1365917e+00, 1.8029115e+02
6.9519508e+00, 1.8030344e+02
7.7693641e+00, 1.8031312e+02
8.5886356e+00, 1.8032093e+02
9.4095676e+00, 1.8032736e+02
1.0231961e+01, 1.8033273e+02
1.1055616e+01, 1.8033728e+02
1.1880330e+01, 1.8034117e+02
1.2705899e+01, 1.8034453e+02
1.3532118e+01, 1.8034746e+02
1.4358782e+01, 1.8035003e+02
1.5185682e+01, 1.8035230e+02
1.6012610e+01, 1.8035431e+02
1.6839355e+01, 1.8035611e+02
1.7665705e+01, 1.8035772e+02
1.8491448e+01, 1.8035917e+02
1.9316371e+01, 1.8036048e+02
2.0140257e+01, 1.8036166e+02
2.0962890e+01, 1.8036274e+02
2.1784054e+01, 1.8036371e+02
2.2603530e+01, 1.8036461e+02
2.3421098e+01, 1.8036542e+02
2.4236539e+01, 1.8036617e+02
2.5049631e+01, 1.8036685e+02
2.5860152e+01, 1.8036748e+02
2.6667879e+01, 1.8036806e+02
2.7472588e+01, 1.8036859e+02
2.8274055e+01, 1.8036908e+02
2.9072055e+01, 1.8036953e+02
2.9866362e+01, 1.8036995e+02
3.0656749e+01, 1.8037034e+02
3.1442989e+01, 1.8037070e+02
3.2224854e+01, 1.8037103e+02
3.3002117e+01, 1.8037133e+02
3.3774549e+01, 1.8037161e+02
3.4541920e+01, 1.8037188e+02
3.5304002e+01, 1.8037212e+02
3.6060565e+01, 1.8037234e+02
3.6811378e+01, 1.8037255e+02
3.7556212e+01, 1.8037274e+02
3.8294836e+01, 1.8037292e+02
3.9027020e+01, 1.8037309e+02
3.9752533e+01, 1.8037324e+02
4.0471144e+01, 1.8037338e+02
4.1182623e+01, 1.8037351e+02
4.1886739e+01, 1.8037363e+02
4.2583262e+01, 1.8037374e+02
4.3271962e+01, 1.8037384e+02
4.3952609e+01, 1.8037393e+02
4.4624972e+01, 1.8037402e+02
4.5288824e+01, 1.8037410e+02
4.5943933e+01, 1.8037417e+02
4.6590073e+01, 1.8037424e+02
4.7227014e+01, 1.8037430e+02
4.7854529e+01, 1.8037436e+02
4.8472392e+01, 1.8037441e+02
4.9080376e+01, 1.8037446e+02
4.9678255e+01, 1.8037451e+02
5.0265805e+01, 1.8037455e+02
5.0842801e+01, 1.8037459e+02
5.1409020e+01, 1.8037462e+02
5.1964241e+01, 1.8037466e+02
5.2508242e+01, 1.8037469e+02
5.3040803e+01, 1.8037472e+02
5.3561704e+01, 1.8037474e+02
5.4070729e+01, 1.8037477e+02
5.4567661e+01, 1.8037479e+02
5.5052284e+01, 1.8037482e+02
5.5524384e+01, 1.8037484e+02
5.5983750e+01, 1.8037487e+02
5.6430171e+01, 1.8037489e+02
5.6863436e+01, 1.8037491e+02
5.7283338e+01, 1.8037494e+02
5.7689672e+01, 1.8037496e+02
5.8082232e+01, 1.8037499e+02
5.8460816e+01, 1.8037502e+02
5.8825223e+01, 1.8037504e+02
5.9175252e+01, 1.8037508e+02
5.9510705e+01, 1.8037511e+02
5.9831385e+01, 1.8037514e+02
6.0137095e+01, 1.8037518e+02
6.0427641e+01, 1.8037522e+02
6.0702830e+01, 1.8037527e+02
6.0962470e+01, 1.8037531e+02
6.1206371e+01, 1.8037536e+02
6.1434347e+01, 1.8037542e+02
6.1646215e+01, 1.8037548e+02
6.1841796e+01, 1.8037554e+02
6.2020919e+01, 1.8037561e+02
6.2183416e+01, 1.8037569e+02
6.2329127e+01, 1.8037577e+02
6.2457898e+01, 1.8037586e+02
6.2569582e+01, 1.8037595e+02
6.2664034e+01, 1.8037606e+02
6.2741113e+01, 1.8037617e+02
6.2800678e+01, 1.8037628e+02
6.2842589e+01, 1.8037641e+02
6.2866704e+01, 1.8037654e+02
6.2872876e+01, 1.8037668e+02
6.2860960e+01, 1.8037684e+02
6.2830806e+01, 1.8037700e+02
6.2782266e+01, 1.8037717e+02
6.2715194e+01, 1.8037735e+02
6.2629447e+01, 1.8037755e+02
6.2524890e+01, 1.8037776e+02
6.2401392e+01, 1.8037798e+02
6.2258832e+01, 1.8037821e+02
6.2097093e+01, 1.8037846e+02
6.1916071e+01, 1.8037873e+02
6.1715664e+01, 1.8037901e+02
6.1495777e+01, 1.8037931e+02
6.1256323e+01, 1.8037963e+02
6.0997215e+01, 1.8037996e+02
6.0718374e+01, 1.8038032e+02
6.0419721e+01, 1.8038070e+02
6.0101184e+01, 1.8038110e+02
5.9762693e+01, 1.8038152e+02
5.9404180e+01, 1.8038197e+02
5.9025584e+01, 1.8038245e+02
5.8626848e+01, 1.8038295e+02
5.8207917e+01, 1.8038348e+02
5.7768743e+01, 1.8038404e+02
5.7309283e+01, 1.8038464e+02
5.6829497e+01, 1.8038527e+02
5.6329352e+01, 1.8038593e+02
5.5808821e+01, 1.8038664e+02
5.5267880e+01, 1.8038739e+02
5.4706512e+01, 1.8038818e+02
5.4124705e+01, 1.8038902e+02
5.3522454e+01, 1.8038990e+02
5.2899758e+01, 1.8039084e+02
5.2256623e+01, 1.8039184e+02
5.1593060e+01, 1.8039289e+02
5.0909087e+01, 1.8039401e+02
5.0204727e+01, 1.8039520e+02
4.9480009e+01, 1.8039646e+02
4.8734970e+01, 1.8039780e+02
4.7969652e+01, 1.8039922e+02
4.7184102e+01, 1.8040073e+02
4.6378378e+01, 1.8040234e+02
4.5552539e+01, 1.8040406e+02
4.4706654e+01, 1.8040589e+02
4.3840799e+01, 1.8040784e+02
4.2955056e+01, 1.8040993e+02
4.2049513e+01, 1.8041216e+02
4.1124267e+01, 1.8041455e+02
4.0179420e+01, 1.8041711e+02
3.9215084e+01, 1.8041986e+02
3.8231376e+01, 1.8042283e+02
3.7228421e+01, 1.8042602e+02
3.6206353e+01, 1.8042946e+02
3.5165311e+01, 1.8043318e+02
3.4105445e+01, 1.8043722e+02
3.3026910e+01, 1.8044161e+02
3.1929870e+01, 1.8044639e+02
3.0814498e+01, 1.8045162e+02
2.9680973e+01, 1.8045734e+02
2.8529485e+01, 1.8046364e+02
2.7360231e+01, 1.8047060e+02
2.6173415e+01, 1.8047831e+02
2.4969251e+01, 1.8048691e+02
2.3747964e+01, 1.8049653e+02
2.2509783e+01, 1.8050738e+02
2.1254948e+01, 1.8051968e+02
1.9983710e+01, 1.8053374e+02
1.8696327e+01, 1.8054996e+02
1.7393065e+01, 1.8056884e+02
1.6074202e+01, 1.8059110e+02
1.4740023e+01, 1.8061770e+02
1.3390825e+01, 1.8065002e+02
1.2026914e+01, 1.8069009e+02
1.0648604e+01, 1.8074106e+02
9.2562234e+00, 1.8080801e+02
7.8501107e+00, 1.8089978e+02
6.4306205e+00, 1.8103318e+02
4.9981312e+00, 1.8124470e+02
3.5530743e+00, 1.8163103e+02
2.0960877e+00, 1.8256028e+02
6.3031996e-01, 1.8784909e+02
8.6030281e-01, 3.5476656e+02
2.3500644e+00, 3.5827332e+02
3.8525344e+00, 3.5906151e+02
5.3656424e+00, 3.5940904e+02
6.8887499e+00, 3.5960464e+02
8.4213582e+00, 3.5973001e+02
9.9629952e+00, 3.5981719e+02
1.1513191e+01, 3.5988130e+02
1.3071472e+01, 3.5993041e+02
1.4637358e+01, 3.5996923e+02
1.6210359e+01, 6.6201400e-04
1.7789978e+01, 2.6636456e-02
1.9375710e+01, 4.8453375e-02
2.0967040e+01, 6.7033252e-02
2.2563446e+01, 8.3044044e-02
2.4164396e+01, 9.6982241e-02
2.5769351e+01, 1.0922458e-01
2.7377763e+01, 1.2006212e-01
2.8989077e+01, 1.2972329e-01
3.0602731e+01, 1.3838988e-01
3.2218153e+01, 1.4620839e-01
3.3834767e+01, 1.5329821e-01
3.5451988e+01, 1.5975760e-01
3.7069226e+01, 1.6566821e-01
3.8685883e+01, 1.7109841e-01
4.0301356e+01, 1.7610594e-01
4.1915035e+01, 1.8073987e-01
4.3526305e+01, 1.8504220e-01
4.5134547e+01, 1.8904909e-01
4.6739132e+01, 1.9279183e-01
4.8339431e+01, 1.9629768e-01
4.9934805e+01, 1.9959047e-01
5.1524613e+01, 2.0269115e-01
5.3108205e+01, 2.0561822e-01
5.4684926e+01, 2.0838808e-01
5.6254114e+01, 2.1101535e-01
5.7815099e+01, 2.1351310e-01
5.9367201e+01, 2.1589306e-01
6.0909732e+01, 2.1816581e-01
6.2441988e+01, 2.2034094e-01
6.3963253e+01, 2.2242718e-01
6.5472793e+01, 2.2443249e-01
6.6969856e+01, 2.2636419e-01
6.8453662e+01, 2.2822905e-01
6.9923407e+01, 2.3003335e-01
7.1378251e+01, 2.3178297e-01
7.2817316e+01, 2.3348342e-01
7.4239679e+01, 2.3513996e-01
7.5644361e+01, 2.3675759e-01
7.7030323e+01, 2.3834116e-01
7.8396444e+01, 2.3989539e-01
7.9741514e+01, 2.4142491e-01
8.1064208e+01, 2.4293437e-01
8.2363062e+01, 2.4442845e-01
8.3636433e+01, 2.4591195e-01
8.4882461e+01, 2.4738985e-01
8.6099014e+01, 2.4886743e-01
8.7283634e+01, 2.5035032e-01
8.8433476e+01, 2.5184458e-01
8.9545262e+01, 2.5335684e-01
9.0615254e+01, 2.5489430e-01
9.1639263e+01, 2.5646474e-01
9.2612704e+01, 2.5807652e-01
9.3530697e+01, 2.5973847e-01
9.4388200e+01, 2.6145971e-01
9.5180132e+01, 2.6324955e-01
9.5901446e+01, 2.6511725e-01
9.6547162e+01, 2.6707187e-01
9.7112462e+01, 2.6912204e-01
9.7593136e+01, 2.7127547e-01
9.7986658e+01, 2.7353806e-01
9.8293862e+01, 2.7591247e-01
9.8520552e+01, 2.7839671e-01
9.8677934e+01, 2.8098316e-01
9.8781159e+01, 2.8365906e-01
9.8846414e+01, 2.8640828e-01
9.8887959e+01, 2.8921388e-01
9.8916384e+01, 2.9206039e-01
9.8938422e+01, 2.9493509e-01
9.8957777e+01, 2.9782832e-01
9.8976234e+01, 3.0073308e-01
9.8994546e+01, 3.0364435e-01
9.9012999e+01, 3.0655847e-01
9.9031688e+01, 3.0947263e-01
9.9050640e+01, 3.1238458e-01
9.9069862e+01, 3.1529243e-01
9.9089354e+01, 3.1819457e-01
9.9109115e+01, 3.2108964e-01
9.9129144e+01, 3.2397650e-01
9.9149439e+01, 3.2685419e-01
9.9169999e+01, 3.2972196e-01
9.9190821e+01, 3.3257918e-01
9.9211904e+01, 3.3542535e-01
9.9233246e+01, 3.3826006e-01
9.9254845e+01, 3.4108299e-01
9.9276699e+01, 3.4389383e-01
9.9298807e+01, 3.4669234e-01
9.9321166e+01, 3.4947827e-01
9.9343774e+01, 3.5225139e-01
9.9366629e+01, 3.5501148e-01
9.9389728e+01, 3.5775831e-01
9.9413070e+01, 3.6049166e-01
9.9436652e+01, 3.6321130e-01
9.9460472e+01, 3.6591700e-01
9.9484528e+01, 3.6860853e-01
9.9508816e+01, 3.7128566e-01
9.9533335e+01, 3.7394815e-01
9.9558082e+01, 3.7659576e-01
9.9583054e+01, 3.7922824e-01
9.9608249e+01, 3.8184536e-01
9.9633664e+01, 3.8444687e-01
9.9659297e+01, 3.8703252e-01
9.9685144e+01, 3.8960208e-01
9.9711202e+01, 3.9215528e-01
9.9737470e+01, 3.9469190e-01
9.9763943e+01, 3.9721170e-01
9.9790620e+01, 3.9971445e-01
9.9817496e+01, 4.0219992e-01
9.9844569e+01, 4.0466789e-01
9.9871836e+01, 4.0711814e-01
9.9899292e+01, 4.0955045e-01
9.9926925e+01, 4.1196461e-01
9.9954684e+01, 4.1436043e-01
9.9982345e+01, 4.1673772e-01
1.0000000e+02, 4.1909647e-01
1.0000000e+02, 4.2143736e-01
1.0000000e+02, 4.2376079e-01
1.0000000e+02, 4.2606658e-01
1.0000000e+02, 4.2835392e-01
1.0000000e+02, 4.3062198e-01
1.0000000e+02, 4.3287015e-01
1.0000000e+02, 4.3509802e-01
1.0000000e+02, 4.3730522e-01
1.0000000e+02, 4.3949142e-01
1.0000000e+02, 4.4165626e-01
1.0000000e+02, 4.4379938e-01
1.0000000e+02, 4.4592039e-01
1.0000000e+02, 4.4801891e-01
1.0000000e+02, 4.5009453e-01
1.0000000e+02, 4.5214682e-01
1.0000000e+02, 4.5417537e-01
1.0000000e+02, 4.5617973e-01
1.0000000e+02, 4.5815948e-01
1.0000000e+02, 4.6011416e-01
1.0000000e+02, 4.6204333e-01
1.0000000e+02, 4.6394654e-01
1.0000000e+02, 4.6582334e-01
1.0000000e+02, 4.6767328e-01
1.0000000e+02, 4.6949592e-01
1.0000000e+02, 4.7129081e-01
1.0000000e+02, 4.7305753e-01
1.0000000e+02, 4.7479570e-01
1.0000000e+02, 4.7650496e-01
1.0000000e+02, 4.7818494e-01
1.0000000e+02, 4.7983527e-01
1.0000000e+02, 4.8145552e-01
1.0000000e+02, 4.8304528e-01
1.0000000e+02, 4.8460411e-01
1.0000000e+02, 4.8613159e-01
1.0000000e+02, 4.8762730e-01
1.0000000e+02, 4.8909084e-01
1.0000000e+02, 4.9052178e-01
1.0000000e+02, 4.9191971e-01
1.0000000e+02, 4.9328425e-01
1.0000000e+02, 4.9461497e-01
1.0000000e+02, 4.9591148e-01
1.0000000e+02, 4.9717337e-01
1.0000000e+02, 4.9840026e-01
1.0000000e+02, 4.9959173e-01
1.0000000e+02, 5.0074739e-01
1.0000000e+02, 5.0186685e-01
1.0000000e+02, 5.0294973e-01
1.0000000e+02, 5.0399565e-01
1.0000000e+02, 5.0500424e-01
1.0000000e+02, 5.0597513e-01
1.0000000e+02, 5.0690797e-01
1.0000000e+02, 5.0780242e-01
1.0000000e+02, 5.0865813e-01
1.0000000e+02, 5.0947478e-01
1.0000000e+02, 5.1025205e-01
1.0000000e+02, 5.1098960e-01
1.0000000e+02, 5.1168712e-01
1.0000000e+02, 5.1234429e-01
1.0000000e+02, 5.1296081e-01
1.0000000e+02, 5.1353636e-01
1.0000000e+02, 5.1407067e-01
1.0000000e+02, 5.1456343e-01
1.0000000e+02, 5.1501439e-01
1.0000000e+02, 5.1542329e-01
1.0000000e+02, 5.1578988e-01
1.0000000e+02, 5.1611393e-01
1.0000000e+02, 5.1639524e-01
1.0000000e+02, 5.1663358e-01
1.0000000e+02, 5.1682874e-01
1.0000000e+02, 5.1698053e-01
1.0000000e+02, 5.1708872e-01
1.0000000e+02, 5.1715310e-01
1.0000000e+02, 5.1717345e-01
1.0000000e+02, 5.1714955e-01
1.0000000e+02, 5.1708118e-01
1.0000000e+02, 5.1696812e-01
1.0000000e+02, 5.1681015e-01
1.0000000e+02, 5.1660708e-01
1.0000000e+02, 5.1635872e-01
1.0000000e+02, 5.1606491e-01
1.0000000e+02, 5.1572549e-01
1.0000000e+02, 5.1534031e-01
1.0000000e+02, 5.1490925e-01
1.0000000e+02, 5.1443218e-01
1.0000000e+02, 5.1390901e-01
1.0000000e+02, 5.1333962e-01
1.0000000e+02, 5.1272392e-01
1.0000000e+02, 5.1206182e-01
1.0000000e+02, 5.1135321e-01
1.0000000e+02, 5.1059802e-01
1.0000000e+02, 5.0979616e-01
1.0000000e+02, 5.0894754e-01
1.0000000e+02, 5.0805211e-01
1.0000000e+02, 5.0710980e-01
1.0000000e+02, 5.0612056e-01
1.0000000e+02, 5.0508435e-01
1.0000000e+02, 5.0400113e-01
1.0000000e+02, 5.0287088e-01
1.0000000e+02, 5.0169360e-01
1.0000000e+02, 5.0046928e-01
1.0000000e+02, 4.9919792e-01
1.0000000e+02, 4.9787953e-01
1.0000000e+02, 4.9651413e-01
1.0000000e+02, 4.9510173e-01
1.0000000e+02, 4.9364234e-01
1.0000000e+02, 4.9213601e-01
1.0000000e+02, 4.9058275e-01
1.0000000e+02, 4.8898261e-01
1.0000000e+02, 4.8733561e-01
1.0000000e+02, 4.8564180e-01
1.0000000e+02, 4.8390125e-01
1.0000000e+02, 4.8211401e-01
1.0000000e+02, 4.8028014e-01
1.0000000e+02, 4.7839973e-01
1.0000000e+02, 4.7647286e-01
1.0000000e+02, 4.7449963e-01
1.0000000e+02, 4.7248013e-01
1.0000000e+02, 4.7041447e-01
1.0000000e+02, 4.6830278e-01
1.0000000e+02, 4.6614516e-01
1.0000000e+02, 4.6394176e-01
1.0000000e+02, 4.6169271e-01
1.0000000e+02, 4.5939815e-01
1.0000000e+02, 4.5705823e-01
1.0000000e+02, 4.5467309e-01
1.0000000e+02, 4.5224291e-01
1.0000000e+02, 4.4976785e-01
1.0000000e+02, 4.4724806e-01
1.0000000e+02, 4.4468372e-01
1.0000000e+02, 4.4207501e-01
1.0000000e+02, 4.3942211e-01
1.0000000e+02, 4.3672521e-01
1.0000000e+02, 4.3398450e-01
1.0000000e+02, 4.3120017e-01
1.0000000e+02, 4.2837244e-01
1.0000000e+02, 4.2550150e-01
1.0000000e+02, 4.2258758e-01
1.0000000e+02, 4.1963091e-01
1.0000000e+02, 4.1663169e-01
1.0000000e+02, 4.1359018e-01
1.0000000e+02, 4.1050660e-01
1.0000000e+02, 4.0738119e-01
1.0000000e+02, 4.0421419e-01
1.0000000e+02, 4.0100585e-01
1.0000000e+02, 3.9775640e-01
1.0000000e+02, 3.9446610e-01
1.0000000e+02, 3.9113519e-01
1.0000000e+02, 3.8776391e-01
1.0000000e+02, 3.8435253e-01
1.0000000e+02, 3.8090129e-01
1.0000000e+02, 3.7741044e-01
1.0000000e+02, 3.7388026e-01
1.0000000e+02, 3.7031100e-01
1.0000000e+02, 3.6670294e-01
1.0000000e+02, 3.6305635e-01
1.0000000e+02, 3.5937151e-01
1.0000000e+02, 3.5564871e-01
1.0000000e+02, 3.5188822e-01
1.0000000e+02, 3.4809033e-01
1.0000000e+02, 3.4425533e-01
1.0000000e+02, 3.4038351e-01
1.0000000e+02, 3.3647514e-01
1.0000000e+02, 3.3253052e-01
1.0000000e+02, 3.2854993e-01
1.0000000e+02, 3.2453365e-01
1.0000000e+02, 3.2048196e-01
1.0000000e+02, 3.1639515e-01
1.0000000e+02, 3.1227350e-01
1.0000000e+02, 3.0811729e-01
1.0000000e+02, 3.0392681e-01
1.0000000e+02, 2.9970234e-01
1.0000000e+02, 2.9544418e-01
1.0000000e+02, 2.9115262e-01
1.0000000e+02, 2.8682796e-01
1.0000000e+02, 2.8247050e-01
1.0000000e+02, 2.7808056e-01
1.0000000e+02, 2.7365846e-01
1.0000000e+02, 2.6920455e-01
1.0000000e+02, 2.6471919e-01
1.0000000e+02, 2.6020279e-01
1.0000000e+02, 2.5565582e-01
1.0000000e+02, 2.5107885e-01
1.0000000e+02, 2.4647253e-01
1.0000000e+02, 2.4183772e-01
1.0000000e+02, 2.3717546e-01
1.0000000e+02, 2.3248707e-01
1.0000000e+02, 2.2777422e-01
1.0000000e+02, 2.2303897e-01
1.0000000e+02, 2.1828382e-01
1.0000000e+02, 2.1351177e-01
1.0000000e+02, 2.0872629e-01
1.0000000e+02, 2.0393131e-01
1.0000000e+02, 1.9913109e-01
1.0000000e+02, 1.9433009e-01
1.0000000e+02, 1.8953275e-01
1.0000000e+02, 1.8474325e-01
1.0000000e+02, 1.7996526e-01
1.0000000e+02, 1.7520180e-01
1.0000000e+02, 1.7045514e-01
1.0000000e+02, 1.6572710e-01
1.0000000e+02, 1.6101957e-01
1.0000000e+02, 1.5633534e-01
1.0000000e+02, 1.5167917e-01
1.0000000e+02, 1.4705871e-01
1.0000000e+02, 1.4248505e-01
1.0000000e+02, 1.3797226e-01
1.0000000e+02, 1.3353580e-01
1.0000000e+02, 1.2919046e-01
1.0000000e+02, 1.2494958e-01
9.9978520e+01, 1.2081995e-01
9.9236806e+01, 1.1678126e-01
9.8149957e+01, 1.1278639e-01
9.6876392e+01, 1.0880767e-01
9.5479328e+01, 1.0482669e-01
9.3985268e+01, 1.0082874e-01
9.2408987e+01, 9.6800978e-02
9.0761318e+01, 9.2731817e-02
8.9051175e+01, 8.8610497e-02
8.7286067e+01, 8.4426739e-02
8.5472283e+01, 8.0170439e-02
8.3615017e+01, 7.5831373e-02
8.1718512e+01, 7.1398923e-02
7.9786210e+01, 6.6861820e-02
7.7820913e+01, 6.2207886e-02
7.5824925e+01, 5.7423784e-02
7.3800178e+01, 5.2494759e-02
7.1748334e+01, 4.7404353e-02
6.9670870e+01, 4.2134095e-02
6.7569130e+01, 3.6663136e-02
6.5444378e+01, 3.0967815e-02
6.3297821e+01, 2.5021143e-02
6.1130636e+01, 1.8792168e-02
5.8943982e+01, 1.2245196e-02
5.6739013e+01, 5.3388242e-03
5.4516880e+01, 3.5999802e+02
5.2278741e+01, 3.5999025e+02
5.0025761e+01, 3.5998194e+02
4.7759118e+01, 3.5997301e+02
4.5479999e+01, 3.5996338e+02
4.3189608e+01, 3.5995293e+02
4.0889162e+01, 3.5994150e+02
3.8579892e+01, 3.5992893e+02
3.6263047e+01, 3.5991500e+02
3.3939888e+01, 3.5989940e+02
3.1611694e+01, 3.5988179e+02
2.9279757e+01, 3.5986168e+02
2.6945384e+01, 3.5983842e+02
2.4609898e+01, 3.5981111e+02
2.2274633e+01, 3.5977851e+02
1.9940938e+01, 3.5973877e+02
1.7610177e+01, 3.5968908e+02
1.5283723e+01, 3.5962497e+02
1.2962967e+01, 3.5953878e+02
1.0649316e+01, 3.5941629e+02
8.3442010e+00, 3.5922775e+02
6.0491131e+00, 3.5889869e+02
3.7657459e+00, 3.5817541e+02
1.4974781e+00, 3.5527449e+02
7.7533876e-01, 1.8940213e+02
3.0094635e+00, 1.8247174e+02
5.2330822e+00, 1.8145355e+02
7.4389235e+00, 1.8104395e+02
9.6250864e+00, 1.8082241e+02
1.1790015e+01, 1.8068329e+02
1.3932225e+01, 1.8058761e+02
1.6050259e+01, 1.8051761e+02
1.8142672e+01, 1.8046407e+02
2.0208023e+01, 1.8042169e+02
2.2244883e+01, 1.8038724e+02
2.4251826e+01, 1.8035862e+02
2.6227437e+01, 1.8033443e+02
2.8170306e+01, 1.8031366e+02
3.0079037e+01, 1.8029560e+02
3.1952240e+01, 1.8027972e+02
3.3788539e+01, 1.8026563e+02
3.5586572e+01, 1.8025301e+02
3.7344989e+01, 1.8024163e+02
3.9062456e+01, 1.8023129e+02
4.0737653e+01, 1.8022185e+02
4.2369282e+01, 1.8021317e+02
4.3956059e+01, 1.8020516e+02
4.5496720e+01, 1.8019772e+02
4.6990021e+01, 1.8019080e+02
4.8434740e+01, 1.8018432e+02
4.9829675e+01, 1.8017824e+02
5.1173643e+01, 1.8017252e+02
5.2465486e+01, 1.8016712e+02
5.3704064e+01, 1.8016201e+02
5.4888260e+01, 1.8015716e+02
5.6016975e+01, 1.8015254e+02
5.7089134e+01, 1.8014814e+02
5.8103680e+01, 1.8014394e+02
5.9059576e+01, 1.8013992e+02
5.9955808e+01, 1.8013606e+02
6.0791380e+01, 1.8013236e+02
6.1565320e+01, 1.8012881e+02
6.2276674e+01, 1.8012538e+02
6.2924509e+01, 1.8012209e+02
6.3507907e+01, 1.8011891e+02
6.4025960e+01, 1.8011585e+02
6.4477763e+01, 1.8011289e+02
6.4862403e+01, 1.8011003e+02
6.5178947e+01, 1.8010727e+02
6.5426426e+01, 1.8010460e+02
6.5603819e+01, 1.8010202e+02
6.5710038e+01, 1.8009953e+02
6.5743911e+01, 1.8009713e+02
6.5704165e+01, 1.8009481e+02
6.5589418e+01, 1.8009259e+02
6.5398160e+01, 1.8009045e+02
6.5128748e+01, 1.8008839e+02
6.4779393e+01, 1.8008643e+02
6.4348150e+01, 1.8008457e+02
6.3832905e+01, 1.8008280e+02
6.3231362e+01, 1.8008113e+02
6.2541025e+01, 1.8007958e+02
6.1759175e+01, 1.8007813e+02
6.0882845e+01, 1.8007682e+02
5.9908785e+01, 1.8007563e+02
5.8833425e+01, 1.8007459e+02
5.7652820e+01, 1.8007369e+02
5.6362590e+01, 1.8007296e+02
5.4957848e+01, 1.8007239e+02
5.3433111e+01, 1.8007199e+02
5.1782200e+01, 1.8007175e+02
4.9998134e+01, 1.8007166e+02
4.8073010e+01, 1.8007170e+02
4.5997886e+01, 1.8007182e+02
4.3762681e+01, 1.8007195e+02
4.1356089e+01, 1.8007199e+02
3.8765549e+01, 1.8007181e+02
3.5977297e+01, 1.8007125e+02
3.2976554e+01, 1.8007012e+02
2.9747956e+01, 1.8006827e+02
2.6276389e+01, 1.8006563e+02
2.2548532e+01, 1.8006232e+02
1.8555376e+01, 1.8005886e+02
1.4295503e+01, 1.8005644e+02
9.7773535e+00, 1.8005728e+02
5.0156430e+00, 1.8006546e+02
0.0000000e+00, 0.0000000e+00
##END
