##TITLE= OPERA-45
##JCAMP-DX= 5.00 Bruker JCAMP library
##DATA TYPE= Shape Data
##ORIGIN= Bruker BioSpin GmbH
##OWNER= <demo>
##DATE= 2021/01/27
##TIME= 13:46
##$SHAPE_PARAMETERS= Duration 80 us; Max power for calibration 14.00 kHz; RMS power 3.22 kHz; Carrier 0.0 ppm; Max power equiv 90 17.86 us, chemical shift evolution for 0.19409*Tp
##MINX= 0.000000E00
##MAXX= 1.000000E02
##MINY= 0.000000E00
##MAXY= 3.600000E02
##$SHAPE_EXMODE= Excitation
##$SHAPE_TOTROT= 4.5000000e+01
##$SHAPE_TYPE= Excitation
##$SHAPE_USER_DEF= 
##$SHAPE_REPHFAC= 
##$SHAPE_BWFAC= 10.8224
##$SHAPE_BWFAC50= 
##$SHAPE_INTEGFAC= 1.116071E-01
##$SHAPE_MODE= 
##NPOINTS= 400
##XYPOINTS= (XY..XY)
0.0000000e-00, 0.0000000e+00
0.0000000e-00, 0.0000000e+00
1.0622918e+00, 3.5999731e+02
1.9055666e+00, 3.5999724e+02
2.5949935e+00, 3.5999718e+02
3.1407463e+00, 3.5999712e+02
3.5624912e+00, 3.5999707e+02
3.8810743e+00, 3.5999705e+02
4.1140565e+00, 3.5999704e+02
4.2738463e+00, 3.5999706e+02
4.3677415e+00, 3.5999710e+02
4.3989806e+00, 3.5999717e+02
4.3680861e+00, 3.5999727e+02
4.2740862e+00, 3.5999739e+02
4.1154650e+00, 3.5999755e+02
3.8908389e+00, 3.5999774e+02
3.5994174e+00, 3.5999798e+02
3.2413070e+00, 3.5999829e+02
2.8177057e+00, 3.5999871e+02
2.3310155e+00, 3.5999932e+02
1.7848909e+00, 3.3858492e-04
1.1842362e+00, 2.4254432e-03
5.3515931e-01, 9.7135741e-03
1.5511060e-01, 1.7995133e+02
8.7833429e-01, 1.7998874e+02
1.6253987e+00, 1.7999250e+02
2.3864708e+00, 1.7999396e+02
3.1511657e+00, 1.7999475e+02
3.9087239e+00, 1.7999527e+02
4.6481947e+00, 1.7999563e+02
5.3586195e+00, 1.7999592e+02
6.0292139e+00, 1.7999615e+02
6.6495443e+00, 1.7999634e+02
7.2096957e+00, 1.7999652e+02
7.7004286e+00, 1.7999668e+02
8.1133221e+00, 1.7999682e+02
8.4409025e+00, 1.7999697e+02
8.6767535e+00, 1.7999712e+02
8.8156100e+00, 1.7999726e+02
8.8534313e+00, 1.7999742e+02
8.7874559e+00, 1.7999759e+02
8.6162368e+00, 1.7999777e+02
8.3396565e+00, 1.7999798e+02
7.9589245e+00, 1.7999821e+02
7.4765564e+00, 1.7999849e+02
6.8963355e+00, 1.7999884e+02
6.2232592e+00, 1.7999927e+02
5.4634711e+00, 1.7999984e+02
4.6241794e+00, 1.8000063e+02
3.7135647e+00, 1.8000185e+02
2.7406774e+00, 1.8000396e+02
1.7153270e+00, 1.8000866e+02
6.4796522e-01, 1.8002901e+02
4.5043739e-01, 3.5994974e+02
1.5685152e+00, 3.5998322e+02
2.6946377e+00, 3.5998894e+02
3.8170360e+00, 3.5999136e+02
4.9239309e+00, 3.5999271e+02
6.0036584e+00, 3.5999361e+02
7.0447912e+00, 3.5999425e+02
8.0362569e+00, 3.5999476e+02
8.9674498e+00, 3.5999517e+02
9.8283372e+00, 3.5999553e+02
1.0609557e+01, 3.5999585e+02
1.1302511e+01, 3.5999615e+02
1.1899443e+01, 3.5999643e+02
1.2393516e+01, 3.5999670e+02
1.2778873e+01, 3.5999697e+02
1.3050693e+01, 3.5999724e+02
1.3205231e+01, 3.5999751e+02
1.3239856e+01, 3.5999780e+02
1.3153068e+01, 3.5999810e+02
1.2944514e+01, 3.5999842e+02
1.2614990e+01, 3.5999877e+02
1.2166427e+01, 3.5999915e+02
1.1601878e+01, 3.5999958e+02
1.0925489e+01, 6.8265598e-05
1.0142454e+01, 6.3883569e-04
9.2589781e+00, 1.3230399e-03
8.2822135e+00, 2.1716636e-03
7.2202001e+00, 3.2708100e-03
6.0817929e+00, 4.7794545e-03
4.8765844e+00, 7.0277393e-03
3.6148206e+00, 1.0832997e-02
2.3073118e+00, 1.8925556e-02
9.6533857e-01, 4.9448457e-02
3.9944782e-01, 1.7987156e+02
1.7751190e+00, 1.7996939e+02
3.1495841e+00, 1.7998198e+02
4.5106845e+00, 1.7998701e+02
5.8463022e+00, 1.7998978e+02
7.1444639e+00, 1.7999157e+02
8.3934440e+00, 1.7999285e+02
9.5818663e+00, 1.7999383e+02
1.0698802e+01, 1.7999462e+02
1.1733864e+01, 1.7999529e+02
1.2677298e+01, 1.7999587e+02
1.3520070e+01, 1.7999640e+02
1.4253940e+01, 1.7999687e+02
1.4871542e+01, 1.7999732e+02
1.5366446e+01, 1.7999775e+02
1.5733219e+01, 1.7999816e+02
1.5967472e+01, 1.7999857e+02
1.6065909e+01, 1.7999897e+02
1.6026353e+01, 1.7999938e+02
1.5847778e+01, 1.7999981e+02
1.5530316e+01, 1.8000025e+02
1.5075271e+01, 1.8000072e+02
1.4485110e+01, 1.8000122e+02
1.3763452e+01, 1.8000178e+02
1.2915046e+01, 1.8000240e+02
1.1945737e+01, 1.8000312e+02
1.0862427e+01, 1.8000398e+02
9.6730275e+00, 1.8000504e+02
8.3863966e+00, 1.8000641e+02
7.0122781e+00, 1.8000830e+02
5.5612257e+00, 1.8001116e+02
4.0445239e+00, 1.8001614e+02
2.4741010e+00, 1.8002742e+02
8.6243796e-01, 1.8008080e+02
7.7753292e-01, 3.5990897e+02
2.4325178e+00, 3.5997076e+02
4.0889820e+00, 3.5998271e+02
5.7332461e+00, 3.5998787e+02
7.3515990e+00, 3.5999080e+02
8.9304082e+00, 3.5999273e+02
1.0456230e+01, 3.5999411e+02
1.1915920e+01, 3.5999517e+02
1.3296739e+01, 3.5999603e+02
1.4586465e+01, 3.5999674e+02
1.5773487e+01, 3.5999735e+02
1.6846913e+01, 3.5999790e+02
1.7796656e+01, 3.5999838e+02
1.8613528e+01, 3.5999883e+02
1.9289319e+01, 3.5999925e+02
1.9816873e+01, 3.5999965e+02
2.0190155e+01, 3.3696312e-05
2.0404309e+01, 4.0723601e-04
2.0455710e+01, 7.7661739e-04
2.0342006e+01, 1.1468966e-03
2.0062145e+01, 1.5233410e-03
1.9616403e+01, 1.9117991e-03
1.9006388e+01, 2.3191627e-03
1.8235048e+01, 2.7540032e-03
1.7306656e+01, 3.2275193e-03
1.6226792e+01, 3.7550361e-03
1.5002316e+01, 4.3585185e-03
1.3641318e+01, 5.0710425e-03
1.2153079e+01, 5.9453107e-03
1.0548000e+01, 7.0712816e-03
8.8375368e+00, 8.6168077e-03
7.0341220e+00, 1.0936115e-02
5.1510740e+00, 1.4929277e-02
3.2025041e+00, 2.3755630e-02
1.2032128e+00, 6.1884503e-02
8.3142146e-01, 1.7991332e+02
2.8855482e+00, 1.7997612e+02
4.9429785e+00, 1.7998684e+02
6.9872987e+00, 1.7999134e+02
9.0020008e+00, 1.7999386e+02
1.0970612e+01, 1.7999548e+02
1.2876823e+01, 1.7999664e+02
1.4704624e+01, 1.7999752e+02
1.6438429e+01, 1.7999821e+02
1.8063208e+01, 1.7999878e+02
1.9564612e+01, 1.7999927e+02
2.0929093e+01, 1.7999969e+02
2.2144025e+01, 1.8000006e+02
2.3197814e+01, 1.8000040e+02
2.4080001e+01, 1.8000071e+02
2.4781361e+01, 1.8000099e+02
2.5293995e+01, 1.8000126e+02
2.5611405e+01, 1.8000152e+02
2.5728565e+01, 1.8000177e+02
2.5641984e+01, 1.8000201e+02
2.5349749e+01, 1.8000225e+02
2.4851563e+01, 1.8000250e+02
2.4148770e+01, 1.8000275e+02
2.3244364e+01, 1.8000301e+02
2.2142989e+01, 1.8000329e+02
2.0850922e+01, 1.8000360e+02
1.9376045e+01, 1.8000394e+02
1.7727808e+01, 1.8000433e+02
1.5917166e+01, 1.8000481e+02
1.3956520e+01, 1.8000541e+02
1.1859633e+01, 1.8000621e+02
9.6415371e+00, 1.8000737e+02
7.3184337e+00, 1.8000926e+02
4.9075760e+00, 1.8001299e+02
2.4271460e+00, 1.8002436e+02
1.0388414e-01, 3.5948135e+02
2.6658720e+00, 3.5998196e+02
5.2386978e+00, 3.5999201e+02
7.8018777e+00, 3.5999549e+02
1.0334745e+01, 3.5999727e+02
1.2816612e+01, 3.5999836e+02
1.5226936e+01, 3.5999911e+02
1.7545487e+01, 3.5999965e+02
1.9752518e+01, 7.1763296e-05
2.1828933e+01, 4.0631729e-04
2.3756445e+01, 6.8100590e-04
2.5517744e+01, 9.1180552e-04
2.7096641e+01, 1.1094541e-03
2.8478224e+01, 1.2814686e-03
2.9648987e+01, 1.4333030e-03
3.0596964e+01, 1.5690478e-03
3.1311845e+01, 1.6918724e-03
3.1785074e+01, 1.8043168e-03
3.2009948e+01, 1.9084942e-03
3.1981687e+01, 2.0062394e-03
3.1697496e+01, 2.0992267e-03
3.1156612e+01, 2.1890734e-03
3.0360325e+01, 2.2774435e-03
2.9311993e+01, 2.3661676e-03
2.8017035e+01, 2.4573982e-03
2.6482900e+01, 2.5538348e-03
2.4719026e+01, 2.6590766e-03
2.2736783e+01, 2.7782160e-03
2.0549387e+01, 2.9189076e-03
1.8171810e+01, 3.0934449e-03
1.5620669e+01, 3.3231783e-03
1.2914097e+01, 3.6490923e-03
1.0071606e+01, 4.1616128e-03
7.1139357e+00, 5.1082253e-03
4.0628850e+00, 7.4984601e-03
9.4114392e-01, 2.5881430e-02
2.2278901e+00, 1.7999188e+02
5.4202977e+00, 1.7999784e+02
8.6118307e+00, 1.7999938e+02
1.1778105e+01, 1.8000009e+02
1.4894793e+01, 1.8000049e+02
1.7937821e+01, 1.8000074e+02
2.0883551e+01, 1.8000092e+02
2.3708970e+01, 1.8000104e+02
2.6391861e+01, 1.8000113e+02
2.8910974e+01, 1.8000120e+02
3.1246177e+01, 1.8000125e+02
3.3378599e+01, 1.8000129e+02
3.5290761e+01, 1.8000131e+02
3.6966689e+01, 1.8000133e+02
3.8392007e+01, 1.8000134e+02
3.9554022e+01, 1.8000135e+02
4.0441784e+01, 1.8000135e+02
4.1046128e+01, 1.8000134e+02
4.1359702e+01, 1.8000133e+02
4.1376978e+01, 1.8000132e+02
4.1094237e+01, 1.8000130e+02
4.0509546e+01, 1.8000128e+02
3.9622718e+01, 1.8000125e+02
3.8435253e+01, 1.8000123e+02
3.6950271e+01, 1.8000119e+02
3.5172432e+01, 1.8000116e+02
3.3107846e+01, 1.8000112e+02
3.0763977e+01, 1.8000107e+02
2.8149541e+01, 1.8000102e+02
2.5274406e+01, 1.8000096e+02
2.2149486e+01, 1.8000089e+02
1.8786642e+01, 1.8000080e+02
1.5198587e+01, 1.8000068e+02
1.1398804e+01, 1.8000048e+02
7.4014660e+00, 1.8000011e+02
3.2213819e+00, 1.7999884e+02
1.1260518e+00, 7.2554294e-03
5.6248746e+00, 2.2066411e-03
1.0258567e+01, 1.6010365e-03
1.5010034e+01, 1.3437939e-03
1.9861567e+01, 1.1891078e-03
2.4794785e+01, 1.0783346e-03
2.9790555e+01, 9.9039684e-04
3.4828899e+01, 9.1589527e-04
3.9888883e+01, 8.5003532e-04
4.4948505e+01, 7.9013834e-04
4.9984581e+01, 7.3460830e-04
5.4972623e+01, 6.8244871e-04
5.9886732e+01, 6.3301557e-04
6.4699465e+01, 5.8588180e-04
6.9381670e+01, 5.4075855e-04
7.3902215e+01, 4.9744737e-04
7.8227518e+01, 4.5581005e-04
8.2320775e+01, 4.1574886e-04
8.6140766e+01, 3.7719258e-04
8.9640254e+01, 3.4008549e-04
9.2764162e+01, 3.0437701e-04
9.5447984e+01, 2.7001071e-04
9.7617171e+01, 2.3691229e-04
9.9188229e+01, 2.0497712e-04
1.0000000e+02, 1.7405859e-04
1.0000000e+02, 1.4395959e-04
1.0000000e+02, 1.1465083e-04
1.0000000e+02, 8.6297331e-05
1.0000000e+02, 5.9060063e-05
1.0000000e+02, 3.3069945e-05
1.0000000e+02, 8.4297441e-06
1.0000000e+02, 3.5999999e+02
1.0000000e+02, 3.5999996e+02
1.0000000e+02, 3.5999994e+02
1.0000000e+02, 3.5999992e+02
1.0000000e+02, 3.5999991e+02
1.0000000e+02, 3.5999989e+02
1.0000000e+02, 3.5999988e+02
1.0000000e+02, 3.5999986e+02
1.0000000e+02, 3.5999985e+02
1.0000000e+02, 3.5999984e+02
1.0000000e+02, 3.5999983e+02
1.0000000e+02, 3.5999983e+02
1.0000000e+02, 3.5999982e+02
1.0000000e+02, 3.5999981e+02
1.0000000e+02, 3.5999981e+02
1.0000000e+02, 3.5999980e+02
1.0000000e+02, 3.5999980e+02
1.0000000e+02, 3.5999980e+02
1.0000000e+02, 3.5999980e+02
1.0000000e+02, 3.5999979e+02
1.0000000e+02, 3.5999979e+02
1.0000000e+02, 3.5999979e+02
9.9718836e+01, 3.5999979e+02
9.8507773e+01, 3.5999979e+02
9.6605720e+01, 3.5999979e+02
9.4089041e+01, 3.5999979e+02
9.1029534e+01, 3.5999980e+02
8.7491834e+01, 3.5999980e+02
8.3533144e+01, 3.5999980e+02
7.9204304e+01, 3.5999981e+02
7.4551508e+01, 3.5999982e+02
6.9618013e+01, 3.5999983e+02
6.4445472e+01, 3.5999984e+02
5.9074781e+01, 3.5999985e+02
5.3546490e+01, 3.5999987e+02
4.7900914e+01, 3.5999990e+02
4.2178062e+01, 3.5999993e+02
3.6417489e+01, 3.5999998e+02
3.0658103e+01, 4.7083469e-05
2.4937987e+01, 1.4712497e-04
1.9294216e+01, 3.0698757e-04
1.3762697e+01, 5.9483471e-04
8.3780098e+00, 1.2458871e-03
3.1732590e+00, 3.9878234e-03
1.8200702e+00, 1.7999186e+02
6.5722598e+00, 1.7999743e+02
1.1055508e+01, 1.7999830e+02
1.5244083e+01, 1.7999865e+02
1.9114476e+01, 1.7999883e+02
2.2645565e+01, 1.7999895e+02
2.5818774e+01, 1.7999903e+02
2.8618229e+01, 1.7999910e+02
3.1030914e+01, 1.7999914e+02
3.3046814e+01, 1.7999919e+02
3.4659050e+01, 1.7999922e+02
3.5863993e+01, 1.7999926e+02
3.6661360e+01, 1.7999929e+02
3.7054286e+01, 1.7999932e+02
3.7049369e+01, 1.7999936e+02
3.6656681e+01, 1.7999940e+02
3.5889749e+01, 1.7999944e+02
3.4765499e+01, 1.7999949e+02
3.3304164e+01, 1.7999954e+02
3.1529148e+01, 1.7999960e+02
2.9466853e+01, 1.7999968e+02
2.7146473e+01, 1.7999977e+02
2.4599734e+01, 1.7999987e+02
2.1860609e+01, 1.8000001e+02
1.8964991e+01, 1.8000019e+02
1.5950333e+01, 1.8000043e+02
1.2855253e+01, 1.8000079e+02
9.7191162e+00, 1.8000136e+02
6.5815921e+00, 1.8000243e+02
3.4821900e+00, 1.8000534e+02
4.5978215e-01, 1.8004534e+02
2.4478840e+00, 3.5999071e+02
5.2046746e+00, 3.5999534e+02
7.7765596e+00, 3.5999674e+02
1.0132092e+01, 3.5999744e+02
1.2242874e+01, 3.5999786e+02
1.4083999e+01, 3.5999816e+02
1.5634476e+01, 3.5999839e+02
1.6877603e+01, 3.5999858e+02
1.7801316e+01, 3.5999874e+02
1.8398476e+01, 3.5999889e+02
1.8667107e+01, 3.5999902e+02
1.8610559e+01, 3.5999916e+02
1.8237603e+01, 3.5999930e+02
1.7562429e+01, 3.5999944e+02
1.6604560e+01, 3.5999959e+02
1.5388645e+01, 3.5999977e+02
1.3944150e+01, 3.5999996e+02
1.2304926e+01, 2.0264320e-04
1.0508681e+01, 5.0599257e-04
8.5963691e+00, 9.1966487e-04
6.6115797e+00, 1.5425328e-03
4.6000510e+00, 2.6393209e-03
2.6095160e+00, 5.2441544e-03
6.9019169e-01, 2.1425664e-02
1.1037336e+00, 1.7998603e+02
2.7113248e+00, 1.7999427e+02
4.0608224e+00, 1.7999628e+02
5.0647649e+00, 1.7999721e+02
5.6154866e+00, 1.7999776e+02
5.5827541e+00, 1.7999813e+02
4.8153190e+00, 1.7999841e+02
3.1520644e+00, 1.7999865e+02
##END
